[0, 0, 0]
Voltage_1 (1)	Current_1 (1)	logcurrent
1.250909	9.98881e-008	-16.119215277506
1.253862	1.059093e-007	-16.060682769498
1.256806	1.122099e-007	-16.002894612456
1.259712	1.189237e-007	-15.944783725947
1.262546	1.260696e-007	-15.886431701549
1.265392	1.335732e-007	-15.828616194769
1.268345	1.415819e-007	-15.770387488716
1.271269	1.500179e-007	-15.712511216636
1.274227	1.590149e-007	-15.654267928425
1.277208	1.685053e-007	-15.596298633643
1.280201	1.785437e-007	-15.538432447763
1.283193	1.892419e-007	-15.480239746073
1.286125	2.005339e-007	-15.422282527185
1.289071	2.125416e-007	-15.364128103035
1.292017	2.252585e-007	-15.306017205321
1.294989	2.387164e-007	-15.247989600474
1.297985	2.530381e-007	-15.189725766671
1.30095	2.681502e-007	-15.131718565667
1.303905	2.841814e-007	-15.073653070294
1.306838	3.011151e-007	-15.015773253264
1.309771	3.191097e-007	-14.95773090613
1.312731	3.381995e-007	-14.899629878898
1.315671	3.584242e-007	-14.841548635804
1.318616	3.798345e-007	-14.783530205411
1.321562	4.025534e-007	-14.72543807808
1.324512	4.2664e-007	-14.667325270654
1.327447	4.521089e-007	-14.609342756929
1.330418	4.791166e-007	-14.551321845359
1.333353	5.07791e-007	-14.493195891346
1.336279	5.381232e-007	-14.435178306718
1.339212	5.703001e-007	-14.377103123438
1.342121	6.043219e-007	-14.319158833958
1.345055	6.404532e-007	-14.261089786195
1.347991	6.787944e-007	-14.202947553473
1.350912	7.192923e-007	-14.144998024982
1.353836	7.622921e-007	-14.08693602138
1.356761	8.078713e-007	-14.02886307329
1.359686	8.560805e-007	-13.97090142317
1.362621	9.072426e-007	-13.912855947403
1.365566	9.615136e-007	-13.854757127452
1.368488	1.018917e-006	-13.796770259445
1.371329	1.078966e-006	-13.739507382843
1.374263	1.143581e-006	-13.681345990837
1.377197	1.212158e-006	-13.623108315777
1.380108	1.28424e-006	-13.565343454275
1.383049	1.361223e-006	-13.507126997607
1.385986	1.442799e-006	-13.448925581014
1.388909	1.528664e-006	-13.391116406638
1.391842	1.620159e-006	-13.332986265388
1.394768	1.716937e-006	-13.274968668627
1.397689	1.819401e-006	-13.217003231927
1.400615	1.928301e-006	-13.158871253629
1.403537	2.043414e-006	-13.100888619486
1.406464	2.165983e-006	-13.042636257985
1.409387	2.295673e-006	-12.984484511253
1.4123	2.432794e-006	-12.92647016688
1.415221	2.578441e-006	-12.868325605237
1.41813	2.732444e-006	-12.810314111159
1.421046	2.895899e-006	-12.75221495974
1.42395	3.06859e-006	-12.694292385256
1.426856	3.251591e-006	-12.636366142946
1.429763	3.446004e-006	-12.578295259093
1.432673	3.652251e-006	-12.52016686813
1.435578	3.870879e-006	-12.46202894493
1.438476	4.102076e-006	-12.404017370938
1.441377	4.347417e-006	-12.345928682332
1.444264	4.606643e-006	-12.288011165788
1.447156	4.882285e-006	-12.229897209983
1.450044	5.174036e-006	-12.171857516358
1.452929	5.483772e-006	-12.113717372621
1.455805	5.810981e-006	-12.055761154538
1.458675	6.157915e-006	-11.99777231174
1.461544	6.526212e-006	-11.939683874878
1.464408	6.916339e-006	-11.881623974572
1.467264	7.329436e-006	-11.823611989092
1.470115	7.767545e-006	-11.765556402326
1.472958	8.23168e-006	-11.70752043288
1.475795	8.723207e-006	-11.649523612427
1.478626	9.245135e-006	-11.591413090744
1.481446	9.796996e-006	-11.53343474989
1.484259	1.038247e-005	-11.475391750923
1.487048	1.099666e-005	-11.417918967636
1.489832	1.165079e-005	-11.360136569093
1.492643	1.235313e-005	-11.301601085706
1.495409	1.308835e-005	-11.243788036408
1.498186	1.387367e-005	-11.185517758782
1.500935	1.470168e-005	-11.127548784995
1.503671	1.557735e-005	-11.069692621847
1.506408	1.651077e-005	-11.011497662719
1.509119	1.749501e-005	-10.953594860553
1.51182	1.853907e-005	-10.895630160897
1.514516	1.964912e-005	-10.837478004367
1.517194	2.082491e-005	-10.779360691649
1.519861	2.207066e-005	-10.721261433295
1.522513	2.339186e-005	-10.663122459367
1.525144	2.478785e-005	-10.605156944198
1.527772	2.627476e-005	-10.546901775401
1.530374	2.784406e-005	-10.488890899797
1.532954	2.950324e-005	-10.431010470141
1.535525	3.126586e-005	-10.372983790527
1.538081	3.313433e-005	-10.314940652939
1.540621	3.511619e-005	-10.256848280276
1.543148	3.721714e-005	-10.198741150111
1.54566	3.944564e-005	-10.140587036425
1.548146	4.180043e-005	-10.082603931405
1.550619	4.429699e-005	-10.024593829046
1.553073	4.694057e-005	-9.9666282244536
1.555517	4.974788e-005	-9.908542708333
1.557945	5.272646e-005	-9.8503931411341
1.560354	5.587678e-005	-9.7923616487147
1.562745	5.921276e-005	-9.7343734987593
1.56512	6.274965e-005	-9.6763575576572
1.567483	6.650313e-005	-9.6182615437409
1.569828	7.047685e-005	-9.5602262708652
1.572157	7.468372e-005	-9.5022484279979
1.574472	7.915118e-005	-9.4441508633466
1.57677	8.387977e-005	-9.3861260939467
1.579054	8.88881e-005	-9.3281322826719
1.581326	9.420764e-005	-9.2700092756367
1.58358	9.982716e-005	-9.2120702673828
1.585768	0.000106	-9.1520714638522
1.587995	0.000112	-9.0970116866692
1.590221	0.000119	-9.0363870648527
1.592426	0.000126	-8.9792286510128
1.594629	0.000133	-8.9251614297425
1.596802	0.000141	-8.8667506675861
1.598972	0.00015	-8.804875263868
1.601139	0.000159	-8.746606355744
1.603273	0.000168	-8.691546578561
1.605408	0.000178	-8.6337270076722
1.60754	0.000189	-8.5737635429046
1.609654	0.0002	-8.5171931914162
1.611758	0.000212	-8.4589242832923
1.613859	0.000225	-8.3994101557599
1.615948	0.000238	-8.3432398842928
1.618021	0.000253	-8.2821210692368
1.620093	0.000268	-8.2245235774534
1.622154	0.000284	-8.1665363198031
1.624206	0.000301	-8.1084002932154
1.626257	0.000319	-8.0503194551794
1.628296	0.000338	-7.9924646624813
1.630332	0.000358	-7.9349775715636
1.632364	0.000379	-7.8779743528818
1.634387	0.000402	-7.8190584693453
1.636408	0.000426	-7.7610712116949
1.638417	0.000451	-7.7040432184616
1.640424	0.000478	-7.6458998254728
1.642431	0.000507	-7.5869995543731
1.644435	0.000537	-7.5295124634554
1.64643	0.000569	-7.4716301238379
1.648421	0.000603	-7.4135933612371
1.650413	0.000639	-7.3556061035867
1.652405	0.000678	-7.2963632700239
1.654387	0.000718	-7.239040988916
1.656373	0.000761	-7.1808772001026
1.658357	0.000807	-7.1221868896943
1.660336	0.000855	-7.0644090890275
1.66232	0.000906	-7.0064712519213
1.664299	0.00096	-6.9485772735024
1.666279	0.001017	-6.8908981619157
1.668202	0.001077	-6.8335758808079
1.670195	0.001142	-6.7749741677483
1.672186	0.00121	-6.7171349193735
1.674166	0.001282	-6.6593339204837
1.67616	0.001359	-6.6010061438131
1.678144	0.00144	-6.5431121653942
1.680133	0.001526	-6.4851053461199
1.682131	0.001618	-6.4265644603458
1.684126	0.001714	-6.3689254588065
1.686129	0.001816	-6.311118998803
1.688135	0.001925	-6.2528293112424
1.690153	0.00204	-6.194805471126
1.692176	0.002163	-6.1362591320112
1.694197	0.002292	-6.0783304801296
1.696232	0.002429	-6.0202756289621
1.698269	0.002574	-5.9622941698082
1.700319	0.002728	-5.9041865390009
1.70237	0.002891	-5.8461528159479
1.704435	0.003064	-5.7880340271038
1.706508	0.003247	-5.7300237858614
1.70859	0.003441	-5.6719931521668
1.710687	0.003646	-5.6141246027257
1.712795	0.003864	-5.5560523626319
1.714918	0.004096	-5.4977443912449
1.717049	0.00434	-5.4398809308698
1.719198	0.004599	-5.3819163904244
1.721363	0.004874	-5.3238403237791
1.723544	0.005165	-5.2658501764105
1.725747	0.005475	-5.2075630032796
1.72796	0.005801	-5.1497249624982
1.730192	0.006148	-5.0916284533058
1.732454	0.006516	-5.0334945882423
1.734733	0.006905	-4.9755094921209
1.737032	0.007317	-4.9175548710802
1.739361	0.007755	-4.8594174823536
1.741712	0.008218	-4.8014284085209
1.744091	0.008709	-4.7433983052715
1.746498	0.00923	-4.6852962304674
1.748935	0.009781	-4.6273135506738
1.751407	0.010365	-4.5693205330944
1.753858	0.010976	-4.5120442079986
1.756396	0.011631	-4.4540813316252
1.758998	0.012333	-4.3954766823983
1.761608	0.013068	-4.3375887852433
1.764264	0.013848	-4.2796144611082
1.766973	0.014676	-4.2215417724891
1.76972	0.015552	-4.1635660312641
1.772519	0.016482	-4.1054864026409
1.775361	0.017464	-4.0476136597345
1.778271	0.01851	-3.9894441523967
1.781234	0.019618	-3.93130776684
1.784251	0.020789	-3.8733312783172
1.787349	0.022036	-3.8150777993717
1.790495	0.023351	-3.7571154692318
1.793713	0.024747	-3.6990510094354
1.797014	0.02623	-3.6408514851034
1.800385	0.0278	-3.5827192582855
1.803829	0.029458	-3.5247897589148
1.807362	0.031217	-3.4667924607606
1.810982	0.033079	-3.4088566390296
1.814709	0.035061	-3.350665877363
1.818529	0.037158	-3.2925761877982
1.822454	0.03938	-3.2344972057712
1.826479	0.04173	-3.1765349843787
1.830625	0.044223	-3.1185102632489
1.834891	0.046866	-3.0604628131259
1.839287	0.049668	-3.0023944164275
1.843804	0.052636	-2.9443549826942
1.848482	0.055787	-2.8862144116481
1.853286	0.059114	-2.8282874959905
1.85826	0.062651	-2.7701756360755
1.863389	0.066398	-2.7120883434353
1.868685	0.070361	-2.654116146593
1.874148	0.074564	-2.5960974619751
1.879824	0.079021	-2.5380416390549
1.885688	0.08374	-2.4800385183911
1.89176	0.088742	-2.4220219955346
1.898052	0.094053	-2.3638968258172
1.904567	0.099667	-2.3059206497835
1.910262	0.105164	-2.2522342425673
1.917308	0.111487	-2.1938472868076
1.924624	0.118183	-2.1355210083809
1.93217	0.125243	-2.0774994288025
1.940084	0.132789	-2.0189938766958
1.948264	0.140732	-1.9608979064638
1.956761	0.149176	-1.9026284620603
1.96557	0.158076	-1.8446793489464
1.974763	0.167564	-1.7863899111424
1.984308	0.177609	-1.7281707740324
1.994182	0.188202	-1.6702394248948
2.004564	0.199529	-1.6117956898079

