[0, 0, 0]
Voltage_1 (1)	Current_1 (1)	logcurrent
2.033533	9.989617e-008	-16.119134490365
2.037945	1.059183e-007	-16.060597794735
2.04199	1.12219e-007	-16.002813517731
2.045538	1.189337e-007	-15.944699641954
2.049621	1.260803e-007	-15.886346831398
2.053513	1.335844e-007	-15.828532349129
2.057238	1.415924e-007	-15.770313329444
2.061002	1.500272e-007	-15.712449225956
2.064794	1.590236e-007	-15.654213218068
2.068367	1.685131e-007	-15.596252345369
2.071881	1.785506e-007	-15.538393802508
2.075368	1.89248e-007	-15.480207512716
2.079102	2.005397e-007	-15.422253604813
2.082429	2.12548e-007	-15.364097991737
2.085955	2.252666e-007	-15.30598124728
2.08939	2.387258e-007	-15.24795022398
2.092902	2.530477e-007	-15.18968782844
2.096155	2.681609e-007	-15.131678663453
2.099275	2.834203e-007	-15.07633488205
2.101858	3.011221e-007	-15.01575000661
2.105417	3.191152e-007	-14.957713670826
2.108744	3.38204e-007	-14.899616573231
2.11202	3.584307e-007	-14.841530501032
2.115255	3.798426e-007	-14.783508880561
2.118496	4.025635e-007	-14.725412988556
2.12167	4.266481e-007	-14.667306285273
2.124836	4.521145e-007	-14.60933037061
2.127935	4.791216e-007	-14.55131140954
2.131105	5.077987e-007	-14.493180727742
2.134228	5.381331e-007	-14.435159909613
2.137308	5.703073e-007	-14.377090498585
2.140366	6.043257e-007	-14.319152545938
2.143435	6.4046e-007	-14.26107916877
2.146521	6.788039e-007	-14.20293355817
2.149488	7.192986e-007	-14.144989266412
2.152554	7.622986e-007	-14.086927494501
2.155561	8.078814e-007	-14.028850571377
2.158533	8.560868e-007	-13.970894064076
2.16152	9.072498e-007	-13.9128480113
2.16449	9.61523e-007	-13.854747351247
2.16745	1.018922e-006	-13.796765352286
2.170305	1.079028e-006	-13.739449922071
2.173288	1.143659e-006	-13.681277786364
2.176249	1.212238e-006	-13.623042319958
2.179142	1.284326e-006	-13.565276490841
2.182076	1.361311e-006	-13.507062351949
2.184998	1.442879e-006	-13.448870134772
2.187893	1.528741e-006	-13.391066037125
2.190798	1.620228e-006	-13.332943677882
2.19367	1.716996e-006	-13.274934305696
2.196533	1.819452e-006	-13.216975201116
2.199402	1.928342e-006	-13.158849991615
2.202263	2.043453e-006	-13.100869533962
2.205109	2.166031e-006	-13.042614097392
2.207954	2.295732e-006	-12.984458811058
2.210781	2.432873e-006	-12.926437694457
2.213612	2.578522e-006	-12.868294191399
2.216442	2.732531e-006	-12.810282272038
2.219257	2.895976e-006	-12.752188370768
2.222052	3.068656e-006	-12.694270877237
2.224857	3.251638e-006	-12.636351688588
2.227661	3.446055e-006	-12.578280459452
2.230453	3.652319e-006	-12.520148249649
2.23325	3.870963e-006	-12.462007244668
2.236029	4.10217e-006	-12.403994455974
2.238802	4.347492e-006	-12.345911430858
2.241571	4.606696e-006	-12.28799966073
2.244335	4.882341e-006	-12.22988574001
2.247095	5.174116e-006	-12.17184205466
2.249866	5.483858e-006	-12.113701690108
2.252609	5.81104e-006	-12.055751001398
2.255344	6.157957e-006	-11.997765491273
2.258114	6.526284e-006	-11.939672842505
2.260855	6.916418e-006	-11.881612552409
2.263586	7.329487e-006	-11.823605030872
2.266323	7.767613e-006	-11.76554764799
2.269053	8.231773e-006	-11.707509135129
2.271772	8.723255e-006	-11.649518109878
2.274498	9.245216e-006	-11.591404329418
2.27722	9.797071e-006	-11.533427094512
2.279943	1.038254e-005	-11.475385008812
2.282681	1.09974e-005	-11.417851676741
2.285383	1.165157e-005	-11.360069623084
2.288109	1.235399e-005	-11.301531470145
2.290806	1.308926e-005	-11.243718511344
2.293526	1.387449e-005	-11.185458655764
2.296227	1.470245e-005	-11.1274964114
2.298937	1.557813e-005	-11.069642550399
2.30164	1.651143e-005	-11.01145768961
2.304338	1.749561e-005	-10.953560565648
2.307034	1.853959e-005	-10.895602112418
2.309736	1.964947e-005	-10.837460192023
2.312441	2.082534e-005	-10.779340043514
2.315132	2.207119e-005	-10.721237419802
2.317844	2.339251e-005	-10.663094672309
2.320539	2.478863e-005	-10.605125477664
2.32325	2.627563e-005	-10.546868664324
2.325941	2.784488e-005	-10.488861450503
2.328634	2.950394e-005	-10.430986744215
2.331326	3.126643e-005	-10.372965559945
2.334028	3.313473e-005	-10.314928580941
2.336727	3.511674e-005	-10.256832618107
2.339451	3.721785e-005	-10.198722073061
2.34215	3.944658e-005	-10.140563206446
2.344851	4.180124e-005	-10.082584553802
2.347551	4.429763e-005	-10.024579381216
2.350254	4.694099e-005	-9.9666192770096
2.352961	4.974853e-005	-9.9085296425349
2.355675	5.272733e-005	-9.8503766410159
2.358381	5.587757e-005	-9.7923475105626
2.361101	5.921322e-005	-9.7343657301937
2.363813	6.27502e-005	-9.6763487927065
2.366529	6.650398e-005	-9.6182487624693
2.369247	7.047749e-005	-9.5602171899103
2.371977	7.468417e-005	-9.5022424026065
2.374716	7.915201e-005	-9.4441403771397
2.377434	8.388047e-005	-9.3861177487035
2.380138	8.888869e-005	-9.3281256451351
2.382891	9.420865e-005	-9.2699985546954
2.385616	9.982768e-005	-9.2120650583931
2.388313	0.000106	-9.1520714638522
2.391054	0.000112	-9.0970116866692
2.393808	0.000119	-9.0363870648527
2.396551	0.000126	-8.9792286510128
2.399302	0.000133	-8.9251614297425
2.402037	0.000141	-8.8667506675861
2.404783	0.00015	-8.804875263868
2.407543	0.000159	-8.746606355744
2.410273	0.000168	-8.691546578561
2.413013	0.000178	-8.6337270076722
2.415779	0.000189	-8.5737635429046
2.418522	0.0002	-8.5171931914162
2.421268	0.000212	-8.4589242832923
2.424017	0.000225	-8.3994101557599
2.426769	0.000238	-8.3432398842928
2.429518	0.000253	-8.2821210692368
2.432255	0.000268	-8.2245235774534
2.434999	0.000284	-8.1665363198031
2.437729	0.000301	-8.1084002932154
2.440472	0.000319	-8.0503194551794
2.443205	0.000338	-7.9924646624813
2.445934	0.000358	-7.9349775715636
2.448668	0.000379	-7.8779743528818
2.451389	0.000402	-7.8190584693453
2.454107	0.000426	-7.7610712116949
2.456825	0.000451	-7.7040432184616
2.459528	0.000478	-7.6458998254728
2.46224	0.000507	-7.5869995543731
2.464952	0.000537	-7.5295124634554
2.46764	0.000569	-7.4716301238379
2.470331	0.000603	-7.4135933612371
2.473028	0.000639	-7.3556061035867
2.475733	0.000678	-7.2963632700239
2.478399	0.000718	-7.239040988916
2.48107	0.000761	-7.1808772001026
2.483747	0.000807	-7.1221868896943
2.48642	0.000855	-7.0644090890275
2.489084	0.000906	-7.0064712519213
2.491751	0.00096	-6.9485772735024
2.494398	0.001017	-6.8908981619157
2.497015	0.001077	-6.8335758808079
2.49968	0.001142	-6.7749741677483
2.502342	0.00121	-6.7171349193735
2.504993	0.001282	-6.6593339204837
2.507662	0.001359	-6.6010061438131
2.510307	0.00144	-6.5431121653942
2.512957	0.001526	-6.4851053461199
2.515621	0.001618	-6.4265644603458
2.518267	0.001714	-6.3689254588065
2.520924	0.001816	-6.311118998803
2.523592	0.001925	-6.2528293112424
2.52626	0.00204	-6.194805471126
2.528944	0.002163	-6.1362591320112
2.531616	0.002292	-6.0783304801296
2.534321	0.002429	-6.0202756289621
2.537018	0.002574	-5.9622941698082
2.539722	0.002728	-5.9041865390009
2.542446	0.002891	-5.8461528159479
2.545168	0.003064	-5.7880340271038
2.547901	0.003247	-5.7300237858614
2.550655	0.003441	-5.6719931521668
2.553432	0.003646	-5.6141246027257
2.556227	0.003864	-5.5560523626319
2.559036	0.004096	-5.4977443912449
2.561863	0.00434	-5.4398809308698
2.564711	0.004599	-5.3819163904244
2.567585	0.004874	-5.3238403237791
2.570482	0.005166	-5.2656565843085
2.57341	0.005475	-5.2075630032796
2.576351	0.005801	-5.1497249624982
2.579346	0.006148	-5.0916284533058
2.582363	0.006516	-5.0334945882423
2.585413	0.006905	-4.9755094921209
2.588493	0.007317	-4.9175548710802
2.591618	0.007755	-4.8594174823536
2.59479	0.008218	-4.8014284085209
2.597984	0.008709	-4.7433983052715
2.601233	0.00923	-4.6852962304674
2.604528	0.009781	-4.6273135506738
2.607874	0.010366	-4.5692240592146
2.611235	0.010977	-4.511953104277
2.614677	0.011632	-4.453995358191
2.618212	0.012334	-4.3953956024128
2.621773	0.013068	-4.3375887852433
2.625395	0.013848	-4.2796144611082
2.629087	0.014677	-4.2214736363531
2.632843	0.015553	-4.1635017329197
2.636669	0.016483	-4.1054257322329
2.640556	0.017465	-4.0475564007233
2.644547	0.01851	-3.9894441523967
2.648609	0.019618	-3.93130776684
2.65274	0.020789	-3.8733312783172
2.656981	0.022037	-3.8150324201145
2.661278	0.023352	-3.7570726454303
2.665689	0.024748	-3.6990106013134
2.6702	0.026231	-3.6408133615449
2.674805	0.027801	-3.5826832877095
2.679493	0.029459	-3.5247558128551
2.684301	0.031217	-3.4667924607606
2.689219	0.03308	-3.4088264088266
2.694271	0.035061	-3.350665877363
2.699425	0.037159	-3.2925492760552
2.704716	0.039381	-3.2344718124928
2.710117	0.041731	-3.1765110210904
2.715666	0.044224	-3.1184876508369
2.721348	0.046866	-3.0604628131259
2.727179	0.049669	-3.0023742829425
2.733158	0.052637	-2.9443359844706
2.739309	0.055787	-2.8862144116481
2.745598	0.059115	-2.8282705796671
2.752073	0.062651	-2.7701756360755
2.758711	0.066399	-2.7120732828541
2.765518	0.070362	-2.6541019342752
2.772491	0.074564	-2.5960974619751
2.779709	0.079022	-2.5380289842711
2.787121	0.083741	-2.4800265767381
2.794739	0.088743	-2.4220107269767
2.802568	0.094053	-2.3638968258172
2.810619	0.099668	-2.3059106164226
2.817717	0.105179	-2.2520916183771
2.826334	0.111506	-2.1936768778706
2.835201	0.118202	-2.1353602536795
2.844261	0.125261	-2.0773557185222
2.853676	0.132805	-2.0188733920462
2.863293	0.140752	-1.9607558024718
2.873161	0.149193	-1.9025145092032
2.883379	0.158091	-1.8445844623833
2.89394	0.167578	-1.7863063644666
2.904806	0.177621	-1.728103212171
2.915928	0.188215	-1.6701703525627
2.927492	0.199541	-1.6117355499828

