[0, 0, 0]
Voltage_1 (1)	Current_1 (1)	Current_2 (1)	logcurrent	opticalpower	wallplug
-0.505175	0.000554	5.642362e-008	-7.498345871217	1.6498134502924e-007	-0.00058949920678108
1.711222	0.000554	4.065434e-005	-7.498345871217	0.00011887233918129	0.12539051587258
1.77237	0.00255	0.000102	-5.9716619198118	0.00029824561403509	0.065990207647097
1.78783	0.003535	0.000174	-5.6450419796336	0.00050877192982456	0.080502154484921
1.799252	0.004546	0.000253	-5.3935075535518	0.00073976608187135	0.090442589770878
1.808057	0.005533	0.000335	-5.1970251150662	0.00097953216374269	0.097914252562641
1.815568	0.006537	0.000423	-5.0302769343515	0.0012368421052632	0.10421332601043
1.821945	0.007533	0.000512	-4.8884619101386	0.0014970760233918	0.10907886866782
1.827554	0.008521	0.000603	-4.7652215741363	0.0017631578947368	0.1132218958195
1.8327	0.009527	0.000699	-4.6536254062575	0.0020438596491228	0.11705865360984
1.837353	0.010522	0.000795	-4.5542869756735	0.0023245614035088	0.12024031970847
1.841626	0.011511	0.000893	-4.4644521790492	0.0026111111111111	0.12317167892518
1.845659	0.012522	0.000993	-4.380268181659	0.0029035087719298	0.12563133599862
1.849398	0.013517	0.001093	-4.3038071264804	0.0031959064327485	0.12784488547944
1.852922	0.014527	0.001197	-4.2317462920914	0.0035	0.13002742738295
1.856262	0.015523	0.0013	-4.1654324839378	0.0038011695906433	0.13191747031038
1.85943	0.016518	0.001403	-4.1033045835936	0.0041023391812865	0.13356549242224
1.862516	0.017527	0.00151	-4.0440127298911	0.0044152046783626	0.13525185876328
1.865402	0.018519	0.001615	-3.9889580469023	0.0047222222222222	0.1366962028412
1.868226	0.019526	0.001722	-3.9360083681787	0.0050350877192982	0.13802709391509
1.870915	0.020524	0.001829	-3.8861603459024	0.0053479532163743	0.13927447706723
1.87353	0.021517	0.001937	-3.8389119586108	0.0056637426900585	0.14049508880265
1.87609	0.022526	0.002048	-3.7930850813566	0.0059883040935673	0.14169877570451
1.878516	0.02352	0.002156	-3.7499041559517	0.0063040935672515	0.14268240945716
1.880888	0.024513	0.002265	-3.7085516899115	0.0066228070175439	0.14364241542147
1.883232	0.025526	0.002377	-3.6680577384216	0.0069502923976608	0.14458275158804
1.88547	0.026518	0.002487	-3.6299315312896	0.0072719298245614	0.14544181523495
1.887697	0.027528	0.0026	-3.592551610487	0.0076023391812865	0.14629864261326
1.889844	0.02852	0.002711	-3.557149683436	0.0079269005847953	0.14707130098366
1.891941	0.02951	0.002823	-3.5230260900273	0.0082543859649123	0.14784545349147
1.894022	0.030524	0.002937	-3.4892420195548	0.0085877192982456	0.14854272144482
1.896025	0.031515	0.003049	-3.4572916560171	0.0089152046783626	0.14920038624545
1.898042	0.032526	0.003164	-3.4257155094759	0.0092514619883041	0.14985591605075
1.899966	0.033516	0.003277	-3.3957323422311	0.0095818713450292	0.15047083267636
1.901866	0.03451	0.00339	-3.3665061418722	0.0099122807017544	0.15102495615346
1.903758	0.035516	0.003505	-3.3377719798121	0.010248538011696	0.15157449416619
1.90559	0.036508	0.003619	-3.3102238643275	0.010581871345029	0.15210551823476
1.907398	0.037504	0.003733	-3.2833076850276	0.010915204678363	0.1525853966369
1.909214	0.038517	0.003849	-3.2566555767051	0.011254385964912	0.15304344783984
1.910957	0.039508	0.003964	-3.2312520959363	0.011590643274854	0.15352233949795
1.912719	0.04052	0.004081	-3.2059595996017	0.011932748538012	0.15396424620801
1.914433	0.041513	0.004195	-3.1817486477869	0.012266081871345	0.1543410917056
1.916116	0.042505	0.004311	-3.1581335629128	0.012605263157895	0.15477118185286
1.917811	0.043518	0.004428	-3.1345806333728	0.012947368421053	0.15513392229486
1.919442	0.044511	0.004544	-3.1120189293454	0.013286549707602	0.1555141359446
1.921087	0.045518	0.004662	-3.0896474268604	0.013631578947368	0.15588917493814
1.92269	0.046513	0.004779	-3.0680234355687	0.013973684210526	0.15625261897578
1.924273	0.047508	0.004895	-3.0468571610701	0.014312865497076	0.15656444978253
1.92586	0.048518	0.005013	-3.0258204158713	0.014657894736842	0.15687148054323
1.927412	0.049509	0.00513	-3.0056008077526	0.015	0.1571927624334
1.928948	0.050504	0.005246	-2.9857027379168	0.01533918128655	0.15745479240161
1.930484	0.051512	0.005365	-2.9659404887463	0.015687134502924	0.15774986696122
1.931986	0.052504	0.005481	-2.9468659218107	0.016026315789474	0.15799281232953
1.933489	0.053514	0.0056	-2.92781197707	0.016374269005848	0.1582533094887
1.934956	0.05451	0.005717	-2.9093711079059	0.016716374269006	0.15848742536003
1.936418	0.055505	0.005834	-2.8912821721975	0.017058479532164	0.1587117574695
1.937884	0.05651	0.005954	-2.8733376653404	0.017409356725146	0.15897529514436
1.939318	0.057507	0.006071	-2.855848599458	0.017751461988304	0.1591711618191
1.94076	0.058516	0.00619	-2.8384550578663	0.018099415204678	0.15937422251201
1.942172	0.05951	0.006309	-2.8216109133254	0.018447368421053	0.15960878162265
1.943568	0.060504	0.006426	-2.8050458004284	0.018789473684211	0.15978307976788
1.944984	0.061522	0.006546	-2.7883604445603	0.019140350877193	0.15995706120423
1.946355	0.062516	0.006663	-2.7723327550022	0.019482456140351	0.16011442852351
1.947728	0.063519	0.006781	-2.7564162052402	0.019827485380117	0.16026388946614
1.949105	0.064527	0.006901	-2.7406715381197	0.020178362573099	0.16043872850523
1.950448	0.065521	0.007018	-2.7253845770385	0.020520467836257	0.16057294195502
1.951816	0.066531	0.007139	-2.7100872745281	0.020874269005848	0.16074902627548
1.953135	0.067531	0.007257	-2.6951685272716	0.021219298245614	0.16087759809453
1.954453	0.068524	0.007375	-2.6805712301139	0.02156432748538	0.1610156097685
1.955782	0.069536	0.007495	-2.6659106749081	0.021915204678363	0.1611444608318
1.95708	0.07053	0.007612	-2.651717127762	0.02225730994152	0.16124646817427
1.958369	0.071523	0.00773	-2.6377362026879	0.022602339181287	0.16136641089537
1.95967	0.072535	0.00785	-2.6236860749913	0.022953216374269	0.16147786218047
1.960947	0.073532	0.007968	-2.6100345933615	0.023298245614035	0.16157753748945
1.962229	0.074542	0.008087	-2.5963925540594	0.023646198830409	0.16166298973853
1.963481	0.075539	0.008205	-2.583106199805	0.023991228070175	0.16175381968957
1.964735	0.076533	0.008323	-2.570033258615	0.024336257309942	0.16184566421802
1.966001	0.077549	0.008444	-2.5568452843492	0.024690058479532	0.16194300071528
1.967234	0.078539	0.008561	-2.544159962279	0.02503216374269	0.16201566283733
1.968483	0.079553	0.008681	-2.5313318127787	0.025383040935673	0.16208970049633
1.969705	0.080547	0.008798	-2.5189144140006	0.02572514619883	0.16214639394561
1.970917	0.081539	0.008915	-2.5066738455858	0.026067251461988	0.16220398699944
1.972146	0.082548	0.009036	-2.4943753366503	0.026421052631579	0.16229475985645
1.973343	0.083547	0.009153	-2.4823459312281	0.026763157894737	0.1623319168629
1.974537	0.084539	0.009271	-2.4705423126336	0.027108187134503	0.16239703378462
1.975751	0.085553	0.009391	-2.4586192120466	0.027459064327485	0.16244946333656
1.976931	0.086545	0.009509	-2.4470907691038	0.027804093567251	0.1625081878658
1.978121	0.087553	0.009628	-2.4355109547037	0.028152046783626	0.16254966930255
1.979298	0.088547	0.009746	-2.4242217944915	0.028497076023392	0.16259802398833
1.98046	0.089547	0.009863	-2.4129916518741	0.02883918128655	0.16261694993275
1.981637	0.090557	0.009983	-2.4017757922845	0.029190058479532	0.16266302176623
1.982789	0.091551	0.010099	-2.3908590849284	0.029529239766082	0.16267195004684
1.983957	0.092563	0.010218	-2.3798657852131	0.029877192982456	0.16269346749439
1.985098	0.093559	0.010336	-2.3691630256516	0.030222222222222	0.16272672033053
1.986231	0.094553	0.010452	-2.3585947551372	0.030561403508772	0.16273022554137
1.98738	0.095566	0.01057	-2.3479381707183	0.030906432748538	0.16272885088329
1.988486	0.096561	0.010687	-2.3375803459913	0.031248538011696	0.16274415920373
1.989614	0.097555	0.010805	-2.3273389574603	0.031593567251462	0.16277222636093
1.990757	0.098568	0.010924	-2.3170086136598	0.031941520467836	0.1627801293906
1.991878	0.099562	0.01104	-2.3069747132956	0.032280701754386	0.16277459381734
1.993009	0.10057	0.011159	-2.2969012765257	0.03262865497076	0.16278765291113
1.994114	0.101565	0.011276	-2.2870562913764	0.032970760233918	0.16279269232589
1.995223	0.102564	0.011394	-2.2772682850103	0.033315789473684	0.16280349224006
1.996336	0.103577	0.011514	-2.2674399815261	0.033666666666667	0.16281827625949
1.997444	0.10457	0.011626	-2.2578985753716	0.033994152046784	0.1627505602288
1.998544	0.105581	0.011739	-2.2482768481407	0.034324561403509	0.16266926761885
1.999623	0.106573	0.011858	-2.2389250826341	0.034672514619883	0.16270092622481
2.0007	0.107571	0.011974	-2.2296041843092	0.035011695906433	0.16268067648482
2.001787	0.108584	0.012088	-2.2202312119865	0.035345029239766	0.16260902457259
2.002861	0.109575	0.012193	-2.2111460326773	0.035652046783626	0.16245092120625
2.00392	0.110571	0.012309	-2.2020974304242	0.035991228070175	0.16243329289141
2.004998	0.111584	0.012428	-2.1929776084889	0.03633918128655	0.16242739122559
2.00606	0.112575	0.012544	-2.1841356127945	0.036678362573099	0.16241422543922
2.007136	0.113588	0.012662	-2.1751774120775	0.037023391812865	0.16239286723082
2.008184	0.114586	0.012777	-2.166429646213	0.037359649122807	0.1623557697123
2.009228	0.115581	0.012892	-2.157783696114	0.037695906432749	0.16232242471818
2.010286	0.116592	0.013009	-2.1490746180542	0.038038011695906	0.16228979336589
2.011327	0.117586	0.013124	-2.1405852982234	0.038374269005848	0.16225639219459
2.012377	0.118598	0.01324	-2.1320156559671	0.038713450292398	0.16220908285154
2.013409	0.119596	0.013355	-2.1236358828409	0.039049707602339	0.16216948077097
2.014429	0.12059	0.01347	-2.1153589168666	0.039385964912281	0.16213554268646
2.01547	0.1216	0.013588	-2.1070183094501	0.039730994152047	0.16211362574323
2.016489	0.122595	0.013699	-2.0988690393459	0.040055555555556	0.16202951960472
2.017503	0.123589	0.013812	-2.0907937346827	0.040385964912281	0.16197069891534
2.018528	0.124596	0.013928	-2.0826787758728	0.04072514619883	0.16192867934824
2.019534	0.125592	0.014041	-2.0747167212441	0.041055555555556	0.1618671751698
2.020557	0.126597	0.014157	-2.0667464662353	0.041394736842105	0.16182685924371
2.02156	0.127591	0.014271	-2.0589254434744	0.041728070175439	0.16177880498961
2.022564	0.128582	0.014383	-2.051188445871	0.042055555555556	0.16171150720367
2.023578	0.12959	0.014499	-2.0433796585348	0.042394736842105	0.16166667443528
2.02457	0.130585	0.014611	-2.0357309232537	0.042722222222222	0.16159493496093
2.025579	0.131597	0.014723	-2.0280110567033	0.043049707602339	0.16150093141001
2.026572	0.13259	0.014836	-2.0204936188555	0.043380116959064	0.16144251333434
2.027549	0.133582	0.014948	-2.0130397574955	0.043707602339181	0.16137553051503
2.028547	0.13459	0.015063	-2.0055221587365	0.044043859649123	0.16131973594288
2.029521	0.135583	0.015172	-1.9981712800667	0.044362573099415	0.16121963714868
2.030495	0.136576	0.015285	-1.9908740427429	0.04469298245614	0.1611621392502
2.031479	0.137585	0.015397	-1.983513371053	0.045020467836257	0.16107442077416
2.032442	0.138576	0.015509	-1.9763363673934	0.045347953216374	0.16100950236493
2.033429	0.139583	0.015623	-1.9690958725735	0.045681286549708	0.16094473920882
2.034402	0.14058	0.015734	-1.9619785572344	0.046005847953216	0.16086172690071
2.035365	0.141575	0.015846	-1.9549256669823	0.046333333333333	0.16079208734075
2.036346	0.142587	0.015959	-1.947802939253	0.046663742690058	0.16071191096862
2.037289	0.143577	0.016068	-1.9408838023271	0.046982456140351	0.16061947501361
2.038258	0.144587	0.01618	-1.9338738764802	0.047309941520468	0.16053288435671
2.039206	0.14558	0.01629	-1.927029515292	0.047631578947368	0.16044720753066
2.040156	0.146575	0.0164	-1.9202180361319	0.047953216374269	0.16035941462078
2.041114	0.147581	0.016512	-1.913378101389	0.048280701754386	0.16027871930361
2.042058	0.148577	0.016622	-1.9066519366051	0.048602339181287	0.1601907791784
2.042997	0.149569	0.016732	-1.899997454166	0.048923976608187	0.16010777820831
2.043955	0.15058	0.016843	-1.8932607745602	0.049248538011696	0.1600127981148
2.044887	0.15157	0.016953	-1.8867077145386	0.049570175438596	0.15993292914906
2.045841	0.15258	0.017065	-1.8800662303201	0.049897660818713	0.15984928502336
2.046767	0.153575	0.017173	-1.8735662319321	0.050213450292398	0.15974641980381
2.047693	0.154565	0.017283	-1.8671405591447	0.050535087719298	0.15966768185335
2.048634	0.155572	0.017393	-1.8606466320167	0.050856725146199	0.15957049041635
2.049558	0.156563	0.017502	-1.8542967940953	0.051175438596491	0.15948220298712
2.050484	0.15756	0.01761	-1.8479489408794	0.051491228070175	0.15937892490469
2.051422	0.15857	0.017721	-1.8415591427807	0.051815789473684	0.15928910959844
2.052335	0.159559	0.017829	-1.8353415191995	0.052131578947368	0.15919569583416
2.053263	0.160568	0.017939	-1.8290377501249	0.052453216374269	0.1590994010491
2.054174	0.161564	0.018047	-1.8228539299898	0.052769005847953	0.15899998648408
2.055085	0.162553	0.018154	-1.8167511765428	0.053081871345029	0.15889910339353
2.056013	0.163561	0.018264	-1.8105692695401	0.05340350877193	0.15880500249221
2.056921	0.16456	0.018372	-1.8044800336374	0.053719298245614	0.15870420719271
2.057842	0.165568	0.018481	-1.7983732924186	0.054038011695906	0.15860282969395
2.058738	0.16656	0.018588	-1.7923996741155	0.054350877192982	0.15850200665873
2.059638	0.167557	0.018694	-1.786431687098	0.05466081871345	0.15838814059141
2.06055	0.168564	0.018803	-1.7804397793454	0.054979532163743	0.15828984514234
2.061444	0.16956	0.01891	-1.7745484324977	0.055292397660819	0.15818688475817
2.062334	0.17055	0.019016	-1.7687267701175	0.055602339181287	0.1580819692079
2.06324	0.171558	0.019123	-1.7628338771305	0.055915204678363	0.15796802756625
2.064128	0.172548	0.01923	-1.7570798203485	0.056228070175439	0.15787254979866
2.065033	0.173558	0.019337	-1.7512434415109	0.056540935672515	0.15775798774139
2.065923	0.174555	0.019443	-1.745515400754	0.056850877192982	0.15764882785775
2.066808	0.175547	0.019548	-1.7398484656621	0.057157894736842	0.15753703899625
2.067703	0.176557	0.019655	-1.734111508569	0.057470760233918	0.15742505126965
2.068583	0.17755	0.01976	-1.728503019593	0.057777777777778	0.1573139392787
2.069479	0.178558	0.019868	-1.7228418005688	0.058093567251462	0.15721272977937
2.070352	0.179556	0.019972	-1.7172681419929	0.058397660818713	0.15709101259111
2.071226	0.180547	0.020076	-1.7117641472926	0.058701754385965	0.15697602057925
2.072111	0.181553	0.020183	-1.7062076568849	0.059014619883041	0.15687118177884
2.072981	0.182545	0.020286	-1.7007585610118	0.059315789473684	0.15674909844261
2.073851	0.18354	0.02039	-1.6953226515913	0.059619883040936	0.15663284703167
2.074731	0.18455	0.020496	-1.6898348495061	0.059929824561404	0.15651903466794
2.075597	0.185543	0.020599	-1.6844686178676	0.060230994152047	0.15639844217909
2.076474	0.186553	0.020705	-1.6790398979648	0.060540935672515	0.15628611437985
2.077331	0.187545	0.020808	-1.6737364623671	0.060842105263158	0.15616835682982
2.078185	0.188534	0.020909	-1.6684769170062	0.061137426900585	0.15603903972513
2.079058	0.189548	0.021014	-1.6631129883812	0.061444444444444	0.15591819926745
2.079913	0.190538	0.021116	-1.6579036292423	0.06174269005848	0.15579688695565
2.080789	0.191553	0.021221	-1.652590746251	0.062049707602339	0.15567638491134
2.081636	0.192545	0.021322	-1.6474253863396	0.062345029239766	0.1555481311446
2.082491	0.193544	0.021424	-1.6422504021807	0.062643274853801	0.15542168319949
2.083361	0.194555	0.021529	-1.6370403795477	0.062950292397661	0.15530692650336
2.084212	0.195547	0.02163	-1.6319545192432	0.063245614035088	0.15518057750305
2.085057	0.196543	0.021731	-1.626874042096	0.063540935672515	0.15505225723434
2.085915	0.197555	0.021834	-1.6217382523969	0.063842105263158	0.15492537885728
2.086761	0.198551	0.021935	-1.6167092849028	0.064137426900585	0.15479849801309
2.087618	0.199563	0.022039	-1.6116253030295	0.064441520467836	0.15468019896859
2.088465	0.200557	0.022139	-1.6066567833612	0.064733918128655	0.15454923798833
2.089299	0.201555	0.022239	-1.6016929819867	0.065026315789474	0.15441695214239
2.090153	0.202561	0.022341	-1.5967142032297	0.065324561403509	0.15429171001356
2.090988	0.203558	0.022442	-1.5918043024228	0.065619883040936	0.15416853174797
2.09184	0.204571	0.022543	-1.5868401754911	0.065915204678363	0.15403275158632
2.092669	0.205567	0.022642	-1.5819832641201	0.066204678362573	0.15389862553985
2.093496	0.206559	0.022741	-1.5771691931039	0.066494152046784	0.15376843500238
2.094342	0.207569	0.022842	-1.5722914644668	0.066789473684211	0.15363774560187
2.09517	0.208569	0.02294	-1.5674853572385	0.067076023391813	0.15349643088486
2.095992	0.209561	0.023039	-1.5627404125505	0.067365497076023	0.15336894700471
2.096828	0.210575	0.023137	-1.5579133947807	0.067652046783626	0.15321854146246
2.097649	0.21157	0.023236	-1.5531993659869	0.067941520467836	0.15309054048639
2.098486	0.212584	0.023336	-1.5484180746082	0.068233918128655	0.15295499331151
2.099307	0.213582	0.023434	-1.5437344451099	0.068520467836257	0.15281983156014
2.099442	0.214436	0.02351	-1.5397439534331	0.06874269005848	0.15269504504856
2.100286	0.215442	0.02361	-1.5350635471947	0.069035087719298	0.15256716331587
2.101107	0.216438	0.023709	-1.5304511466864	0.069324561403509	0.15244228460426
2.101936	0.21745	0.023808	-1.5257863399385	0.069614035087719	0.15230631385066
2.102755	0.218447	0.023905	-1.5212118567987	0.069897660818713	0.15216959434091
2.103565	0.21944	0.024002	-1.5166764323528	0.070181286549708	0.1520371060845
2.104399	0.220454	0.0241	-1.5120662226388	0.07046783625731	0.1518954855647
2.105209	0.221445	0.024197	-1.507581027328	0.070751461988304	0.15176594190581
2.10601	0.222439	0.024292	-1.5031023722672	0.071029239766082	0.15162325070022
2.106833	0.223448	0.02439	-1.498576554191	0.071315789473684	0.15148830636612
2.107639	0.224442	0.024485	-1.4941379570715	0.071593567251462	0.15134694049609
2.108458	0.225455	0.024582	-1.4896346964945	0.071877192982456	0.15120504529996
2.109255	0.226448	0.024677	-1.4852399409907	0.072154970760234	0.15106667778302
2.110056	0.227442	0.024771	-1.4808600181501	0.072429824561404	0.15092208145119
2.110861	0.228456	0.024867	-1.476411647365	0.072710526315789	0.15077699508271
2.111666	0.22945	0.024962	-1.4720701381413	0.072988304093567	0.15063988774457
2.112484	0.230466	0.025058	-1.4676519328484	0.073269005847953	0.15049428444156
2.113276	0.231459	0.025152	-1.4633525269725	0.073543859649123	0.1503543941375
2.114063	0.232451	0.025245	-1.4590758288544	0.073815789473684	0.150210373084
2.114874	0.233466	0.02534	-1.4547188227538	0.074093567251462	0.15006256442624
2.115664	0.234459	0.025433	-1.4504745464674	0.074365497076023	0.14991941562136
2.116453	0.235454	0.025526	-1.4462397136919	0.074637426900585	0.149775906732
2.117264	0.236466	0.025621	-1.4419508445986	0.074915204678363	0.14963261030125
2.118048	0.237461	0.025714	-1.4377518795178	0.075187134502924	0.14949113632654
2.118845	0.23847	0.025807	-1.433511762729	0.075459064327485	0.14934080092727
2.119627	0.239468	0.0259	-1.429335482749	0.075730994152047	0.14919928023058
2.120419	0.240466	0.025991	-1.4251765715717	0.075997076023392	0.14904640897454
2.12122	0.241481	0.026085	-1.4209644839328	0.076271929824561	0.14890046572643
2.121996	0.242478	0.026176	-1.4168442943695	0.076538011695906	0.14875113007408
2.122793	0.243483	0.026269	-1.4127081540918	0.076809941520468	0.14860764210466
2.123566	0.244476	0.026359	-1.4086381343944	0.077073099415205	0.14845705105267
2.12434	0.245469	0.026449	-1.4045846126331	0.077336257309942	0.14830728021329
2.125126	0.246483	0.026542	-1.4004622533949	0.077608187134503	0.14816167624659
2.125904	0.247476	0.026631	-1.3964416713722	0.077868421052632	0.14800780966325
2.126671	0.24847	0.026721	-1.3924331650793	0.078131578947368	0.14786055502071
2.127466	0.24948	0.026812	-1.3883765273242	0.078397660818713	0.14770824603509

