[0, 0, 0]
Voltage_1 (1)	Current_1 (1)	Current_2 (1)	logcurrent	opticalpower	wallplug
-0.651827	0.000564	2.238332e-007	-7.4804563064662	1.5123864864865e-006	-0.0041138773379403
2.46102	0.001227	0.000129	-6.7031831132534	0.00087162162162162	0.28864782479674
2.497107	0.002399	0.000349	-6.0327032951246	0.0023581081081081	0.39363736094034
2.518946	0.003384	0.000592	-5.6886968372382	0.004	0.46925702136001
2.53574	0.00439	0.000854	-5.4284260518951	0.0057702702702703	0.51835454827717
2.549225	0.005382	0.001119	-5.2246952266774	0.0075608108108108	0.5510823589805
2.561075	0.006391	0.001393	-5.052864528314	0.0094121621621622	0.57504030621494
2.571341	0.007376	0.001665	-4.9095237927278	0.01125	0.59316011362931
2.580757	0.008368	0.00194	-4.7833403716596	0.013108108108108	0.60697559432184
2.589495	0.009377	0.002222	-4.6694953965446	0.015013513513514	0.61830583703326
2.597538	0.010371	0.0025	-4.5687418293745	0.016891891891892	0.62704072653898
2.605042	0.011359	0.002778	-4.4777448977329	0.01877027027027	0.63433065057774
2.61224	0.012363	0.003062	-4.3930471379573	0.020689189189189	0.6406288996736
2.619059	0.013363	0.003344	-4.3152655851832	0.022594594594595	0.64558778259643
2.625566	0.014376	0.003628	-4.2421951295009	0.024513513513514	0.64944826224931
2.631775	0.015374	0.00391	-4.1750775080552	0.026418918918919	0.65294922110774
2.637722	0.016366	0.004192	-4.1125492668769	0.028324324324324	0.65612712169194
2.643557	0.017378	0.004479	-4.0525502405651	0.030263513513514	0.65876554297404
2.64905	0.018369	0.004759	-3.9970908178182	0.032155405405405	0.66081260673674
2.654474	0.01938	0.005046	-3.9435136725195	0.034094594594595	0.66275541103248
2.659653	0.020374	0.005328	-3.8934957008143	0.036	0.66435654858122
2.664688	0.021368	0.00561	-3.8458608031745	0.037905405405405	0.66571892726971
2.669643	0.022376	0.005897	-3.7997663230825	0.039844594594595	0.66701218873326
2.674398	0.02337	0.00618	-3.7563021304314	0.041756756756757	0.66810082570221
2.679008	0.024364	0.006459	-3.7146486460079	0.043641891891892	0.66862247038108
2.68363	0.025377	0.006748	-3.6739120269921	0.045594594594595	0.66949978315253
2.688013	0.026366	0.007027	-3.6356799776464	0.04747972972973	0.66993493525904
2.6924	0.027376	0.007312	-3.5980885618323	0.049405405405405	0.67029332296303
2.696615	0.02837	0.007593	-3.5624230301614	0.051304054054054	0.67061521529244
2.70072	0.02936	0.007872	-3.5281220752358	0.053189189189189	0.67079182039988
2.70484	0.03037	0.008157	-3.4942999999245	0.055114864864865	0.67093797674256
2.708788	0.031363	0.008436	-3.4621264248101	0.057	0.67093776984474
2.712717	0.032367	0.00872	-3.4306158937448	0.058918918918919	0.67103910986833
2.716528	0.033362	0.009	-3.4003377512503	0.060810810810811	0.67098765538816
2.720295	0.034356	0.009279	-3.3709786030782	0.062695945945946	0.67084295297337
2.724018	0.035362	0.009562	-3.3421174817262	0.064608108108108	0.67071841623117
2.727625	0.036359	0.009841	-3.3143135128013	0.066493243243243	0.67047242962383
2.731182	0.037348	0.010118	-3.2874759163605	0.068364864864865	0.67021627239777
2.73473	0.038361	0.0104	-3.260713960485	0.07027027027027	0.66983409421147
2.738171	0.039355	0.010676	-3.2351322473877	0.072135135135135	0.66940101488379
2.741613	0.040362	0.010957	-3.2098665307106	0.074033783783784	0.66903851135752
2.744959	0.041356	0.011234	-3.1855377652577	0.075905405405405	0.66864917867426
2.748272	0.042348	0.01151	-3.161834084501	0.07777027027027	0.66822233962996
2.751581	0.043361	0.011791	-3.1381948593861	0.079668918918919	0.66773990745976
2.754784	0.044354	0.012067	-3.1155523826363	0.081533783783784	0.66729405131983
2.757994	0.045364	0.012347	-3.0930364400291	0.083425675675676	0.66679920589287
2.761108	0.046358	0.012621	-3.0713614020797	0.085277027027027	0.66622966412769
2.764181	0.047348	0.012896	-3.0502306988905	0.087135135135135	0.66577148850171
2.767277	0.048359	0.013174	-3.0291029316958	0.089013513513514	0.66515980690254
2.770262	0.049356	0.013448	-3.0086959399458	0.090864864864865	0.66456151066319
2.773197	0.050346	0.013721	-2.9888361068661	0.092709459459459	0.66401571191587
2.776157	0.051356	0.013999	-2.9689735042533	0.094587837837838	0.66343760537057
2.77907	0.052348	0.014272	-2.9498415467889	0.096432432432432	0.6628626395032
2.782053	0.053357	0.01455	-2.9307501008443	0.098310810810811	0.66228432342977
2.784941	0.054354	0.014822	-2.9122370710669	0.10014864864865	0.66160318089378
2.787741	0.05535	0.015095	-2.8940786198275	0.10199324324324	0.6609998399749
2.790524	0.056359	0.015373	-2.8760133351893	0.10387162162162	0.66046205441179
2.793251	0.057355	0.015645	-2.8584952552489	0.10570945945946	0.6598308320805
2.796001	0.058369	0.015922	-2.8409703520016	0.10758108108108	0.65919867979871
2.798697	0.059365	0.016193	-2.8240504518644	0.10941216216216	0.6585355825244
2.801361	0.060359	0.016464	-2.8074452124828	0.11124324324324	0.65790400148188
2.804043	0.061367	0.016738	-2.7908830475954	0.11309459459459	0.65723742595769
2.806631	0.062364	0.017007	-2.7747670931678	0.11491216216216	0.65651811767155
2.809231	0.063358	0.017278	-2.7589540976307	0.11674324324324	0.65590787089561
2.811848	0.064373	0.017552	-2.743060988442	0.11859459459459	0.65519308520027
2.814432	0.065365	0.017822	-2.7277683319683	0.12041891891892	0.65457392078199
2.817011	0.066378	0.018094	-2.7123896027013	0.12225675675676	0.65382295629049
2.819536	0.067369	0.018362	-2.6975703075218	0.12406756756757	0.65316141724271
2.822086	0.068369	0.018632	-2.6828357734615	0.12589189189189	0.6524816286369
2.824654	0.06938	0.018905	-2.6681566374405	0.12773648648649	0.65180158672868
2.827299	0.070374	0.019171	-2.6539314022147	0.12953378378378	0.65102711264045
2.82996	0.071366	0.019438	-2.6399337135275	0.13133783783784	0.65030667189895
2.832933	0.072386	0.01971	-2.6257423684546	0.13317567567568	0.64943251266183
2.837526	0.073376	0.019978	-2.6121583723066	0.13498648648649	0.64833043690354
2.845104	0.07439	0.020248	-2.5984337547789	0.13681081081081	0.64640947226142
2.847666	0.075387	0.020513	-2.5851204326263	0.13860135135135	0.64562740048913
2.850128	0.076378	0.020779	-2.5720605823927	0.14039864864865	0.64495628762539
2.852587	0.077388	0.021049	-2.5589235491659	0.14222297297297	0.64425415933161
2.854994	0.078383	0.021313	-2.546148211873	0.14400675675676	0.64351072318307
2.857443	0.079392	0.021581	-2.5333576714727	0.14581756756757	0.64276989954131
2.859804	0.08039	0.021846	-2.5208654886423	0.14760810810811	0.64205453224022
2.862104	0.081387	0.022111	-2.5085397238876	0.14939864864865	0.64136642063698
2.864416	0.082395	0.022377	-2.4962305235194	0.15119594594595	0.64062398916165
2.866686	0.08339	0.022641	-2.4842268808832	0.15297972972973	0.6399407854363
2.868933	0.084385	0.022905	-2.4723656182937	0.15476351351351	0.63926793315562
2.871202	0.0854	0.023173	-2.4604091781876	0.15657432432432	0.63855590845081
2.873425	0.08639	0.023434	-2.4488833506113	0.15833783783784	0.63785412756635
2.875662	0.087402	0.0237	-2.4372371132873	0.16013513513514	0.63712907084244
2.877842	0.088397	0.023963	-2.425917246566	0.16191216216216	0.63646569367284
2.880026	0.089395	0.024225	-2.4146905267784	0.16368243243243	0.63575887741184
2.882219	0.090405	0.02449	-2.403455703379	0.16547297297297	0.63504959358329
2.884359	0.0914	0.024751	-2.392509800522	0.16723648648649	0.63435961290335
2.886528	0.092413	0.025017	-2.3814876175901	0.16903378378378	0.63367222202123
2.888645	0.093413	0.025278	-2.3707247571374	0.1707972972973	0.63296471654528
2.890741	0.094404	0.025538	-2.360171833847	0.17255405405405	0.63230350444379
2.892872	0.095418	0.025802	-2.3494880390803	0.17433783783784	0.63158546700905
2.894945	0.096407	0.026061	-2.339176465894	0.17608783783784	0.63092897860254
2.897018	0.097403	0.026321	-2.3288982679866	0.17784459459459	0.63025622356098
2.899105	0.098414	0.026584	-2.3185722086215	0.17962162162162	0.62956095286421
2.90114	0.09941	0.026843	-2.3085025667581	0.18137162162162	0.62888404284639
2.903189	0.100421	0.027104	-2.2983839302495	0.18313513513514	0.62816223302614
2.905188	0.101414	0.02736	-2.2885441302943	0.18486486486486	0.62745447843633
2.907194	0.102406	0.027618	-2.2788099743433	0.18660810810811	0.62680303893839
2.909216	0.103421	0.027881	-2.2689472427512	0.18838513513514	0.62612627759019
2.911198	0.104418	0.028137	-2.259353204602	0.19011486486486	0.62541596083543
2.913179	0.105428	0.028397	-2.2497270235059	0.19187162162162	0.62472316133261
2.915146	0.106422	0.028654	-2.2403429565306	0.19360810810811	0.62406785653752
2.917095	0.107411	0.028911	-2.2310926812954	0.19534459459459	0.6234506262847
2.91909	0.108431	0.029171	-2.2216412530007	0.19710135135135	0.62271403429374
2.921007	0.109422	0.029426	-2.2125433123194	0.19882432432432	0.62205998996084
2.922924	0.110419	0.029682	-2.2034730584976	0.20055405405405	0.62139837387505
2.92486	0.111432	0.029942	-2.1943407395964	0.20231081081081	0.6207319247453
2.926743	0.112425	0.030196	-2.1854689463254	0.20402702702703	0.62006928151636
2.928663	0.113438	0.030455	-2.1764988468192	0.20577702702703	0.61939675676422
2.930532	0.114436	0.03071	-2.1677395642248	0.2075	0.61874109841693
2.932392	0.115428	0.030963	-2.1591083200237	0.20920945945946	0.6180848812151
2.934275	0.116436	0.031221	-2.150413513151	0.2109527027027	0.61744318715754
2.936111	0.117433	0.031473	-2.141887320797	0.21265540540541	0.61675659275099
2.937965	0.118441	0.031731	-2.1333403326908	0.21439864864865	0.61613142565197
2.939804	0.119438	0.031984	-2.1249578707005	0.21610810810811	0.61547463920842
2.941614	0.120434	0.032236	-2.116653393946	0.21781081081081	0.61481525808274
2.943449	0.121445	0.032492	-2.1082937935869	0.21954054054054	0.61415582400262
2.945234	0.122437	0.032742	-2.1001586670019	0.22122972972973	0.61349496615977
2.947006	0.12343	0.032994	-2.0920810852263	0.22293243243243	0.61287443462576
2.948807	0.12444	0.033248	-2.0839316069527	0.22464864864865	0.61220582743626
2.950573	0.125435	0.033499	-2.0759675828683	0.22634459459459	0.61156838898195
2.952362	0.126441	0.033753	-2.0679794827764	0.22806081081081	0.61093236795806
2.954117	0.127435	0.034003	-2.0601488482994	0.22975	0.6102940064854
2.955845	0.128427	0.034252	-2.0523946294583	0.23143243243243	0.60965792784672
2.9576	0.129433	0.034506	-2.0445919062443	0.23314864864865	0.60904368944379
2.959328	0.130429	0.034755	-2.0369262615771	0.23483108108108	0.60839874513252
2.961063	0.131437	0.035009	-2.0292276296159	0.2365472972973	0.60778881667608
2.96278	0.132437	0.035258	-2.0216482183265	0.23822972972973	0.60713772546074
2.9645	0.133431	0.035508	-2.0141707886895	0.23991891891892	0.60653560536325
2.966192	0.134438	0.035759	-2.0066521527607	0.24161486486486	0.6059019464373
2.967869	0.13543	0.036006	-1.9993003773149	0.24328378378378	0.60527614196899
2.969551	0.136421	0.036254	-1.992009586479	0.24495945945946	0.60467525710362
2.971252	0.137431	0.036505	-1.9846333060102	0.24665540540541	0.60404103594113
2.972919	0.138423	0.036752	-1.9774410646347	0.24832432432432	0.60343143230874
2.974617	0.139435	0.037003	-1.9701567361299	0.25002027027027	0.60279877861981
2.976246	0.140427	0.037251	-1.9630674981869	0.25169594594595	0.6022222231649
2.977892	0.141419	0.037496	-1.9560281639667	0.25335135135135	0.6015981888953
2.979542	0.142431	0.037746	-1.9488976070675	0.25504054054054	0.6009733102643
2.981169	0.143424	0.037992	-1.9419500008037	0.2567027027027	0.60037419058064
2.982811	0.144433	0.038241	-1.9349395467769	0.25838513513514	0.59975704365721
2.98443	0.145427	0.038486	-1.9280810364863	0.26004054054054	0.59914869537488
2.986023	0.146417	0.038731	-1.9212965639778	0.26169594594595	0.59856641053275
2.987652	0.147429	0.038979	-1.9144085750234	0.26337162162162	0.59793785382802
2.989244	0.148421	0.039223	-1.9077024488264	0.26502027027027	0.59734106645078
2.990833	0.149413	0.039467	-1.9010409953434	0.26666891891892	0.59674920698824
2.992447	0.150421	0.039715	-1.8943172495539	0.26834459459459	0.59615324560188
2.994005	0.151413	0.039957	-1.8877440764074	0.26997972972973	0.59554622016501
2.995602	0.152424	0.040205	-1.8810891678134	0.27165540540541	0.59495056971939
2.99716	0.153416	0.040447	-1.8746020930109	0.27329054054054	0.59435239421914
2.998713	0.154411	0.04069	-1.8681374004058	0.27493243243243	0.5937625969361
3.000275	0.155418	0.040935	-1.8616370176405	0.27658783783784	0.59315842068185
3.001822	0.156413	0.041178	-1.8552553341206	0.27822972972973	0.59257831106182
3.003351	0.157407	0.04142	-1.8489204713066	0.27986486486486	0.59199528315242
3.004904	0.158418	0.041665	-1.8425181696943	0.28152027027027	0.59139077104239
3.006439	0.159412	0.041907	-1.8362632331509	0.28315540540541	0.59081491387471
3.00798	0.160418	0.042152	-1.8299723703945	0.28481081081081	0.59023971523394
3.009495	0.161413	0.042393	-1.8237889811606	0.28643918918919	0.58965814283535
3.010998	0.162407	0.042633	-1.8176497487352	0.28806081081081	0.58907279683558
3.012529	0.163417	0.042879	-1.8114500628002	0.28972297297297	0.58851083531844
3.014021	0.16441	0.043119	-1.8053919709594	0.29134459459459	0.58793926029769
3.015537	0.165421	0.043363	-1.7992615395184	0.29299324324324	0.58735720660795
3.017017	0.166409	0.043603	-1.7933066655192	0.29461486486486	0.58681348769325
3.018499	0.167405	0.043841	-1.7873392527946	0.29622297297297	0.58621816918154
3.020002	0.168413	0.044084	-1.7813359830038	0.29786486486486	0.58564769131195
3.021458	0.169411	0.044323	-1.7754275638074	0.29947972972973	0.58507193317337
3.022919	0.170403	0.044562	-1.7695890591081	0.30109459459459	0.58451978008694
3.024393	0.171411	0.044802	-1.7636910975148	0.30271621621622	0.58392729126798
3.025841	0.1724	0.045039	-1.7579379207525	0.30431756756757	0.58336941912692
3.027298	0.173409	0.045281	-1.7521023128684	0.3059527027027	0.58281065934664
3.028748	0.174403	0.045518	-1.7463865658203	0.30755405405405	0.58224311876893
3.030174	0.175393	0.045755	-1.7407261086204	0.30915540540541	0.58169726291828
3.031626	0.176406	0.045996	-1.7349671223825	0.31078378378378	0.58112475274755
3.033049	0.177398	0.046232	-1.7293594831274	0.31237837837838	0.58056763336543
3.034485	0.178404	0.046472	-1.7237046375629	0.314	0.58001612236975
3.035908	0.179402	0.046709	-1.7181261811476	0.31560135135135	0.57945933972811
3.03731	0.180396	0.046945	-1.7126008445484	0.31719594594595	0.57891073702855
3.038742	0.181406	0.047184	-1.7070176657731	0.31881081081081	0.5783457707382
3.040133	0.182402	0.04742	-1.7015422364897	0.32040540540541	0.57780015592037
3.041519	0.183395	0.047655	-1.6961129823449	0.32199324324324	0.57725636943542
3.042942	0.184404	0.047893	-1.6906262761209	0.32360135135135	0.57669517077656
3.044321	0.185398	0.048128	-1.6852504133951	0.32518918918919	0.57615669241865
3.045723	0.186408	0.048366	-1.6798174591967	0.3267972972973	0.5756036064501
3.047096	0.187398	0.048601	-1.6745205815934	0.32838513513514	0.57508547833964
3.04846	0.188394	0.048834	-1.6692197644808	0.32995945945946	0.57453040271848
3.049839	0.189405	0.049071	-1.6638676994234	0.33156081081081	0.57397746228974
3.051201	0.190397	0.049304	-1.6586439130515	0.33313513513514	0.57344202882233
3.052584	0.191413	0.049542	-1.6533218816846	0.33474324324324	0.5728920110224
3.053934	0.192402	0.049775	-1.6481683457942	0.33631756756757	0.57237456180374
3.055279	0.193399	0.050008	-1.6429998666071	0.33789189189189	0.57183755157758
3.05665	0.194408	0.050243	-1.6377962355392	0.33947972972973	0.57128655390263
3.057991	0.195403	0.050476	-1.6326911863695	0.34105405405405	0.57076296619797
3.059324	0.196401	0.050708	-1.627596791425	0.34262162162162	0.57022413862483
3.06068	0.197411	0.050944	-1.6224674291179	0.34421621621622	0.56969453351127
3.062	0.198406	0.051175	-1.6174398426532	0.34577702702703	0.56916232929523
3.063353	0.199418	0.05141	-1.6123521547161	0.34736486486486	0.56862308510779
3.064655	0.200413	0.051641	-1.6073750416159	0.34892567567568	0.56810086124999
3.065964	0.201403	0.051871	-1.6024474030787	0.35047972972973	0.56758370526504
3.067307	0.202417	0.052107	-1.5974253530011	0.35207432432432	0.56706145098703
3.068619	0.203417	0.052338	-1.5924972197058	0.35363513513514	0.56653297458866
3.069941	0.204429	0.052571	-1.5875345520471	0.35520945945946	0.56599421143161
3.071222	0.205419	0.0528	-1.5827034833315	0.35675675675676	0.565484084624
3.072519	0.206413	0.053029	-1.577876262862	0.35830405405405	0.56496312044786
3.073828	0.207425	0.053263	-1.5729854504318	0.35988513513514	0.56444710200626
3.075123	0.208423	0.053492	-1.5681856105094	0.36143243243243	0.56392193301607
3.076405	0.209419	0.053721	-1.5634182492273	0.36297972972973	0.56340770626612
3.077698	0.210429	0.053953	-1.558606974917	0.3645472972973	0.56288838744957
3.07897	0.211424	0.054182	-1.5538896831347	0.36609459459459	0.56238479985537
3.080259	0.212432	0.054413	-1.5491333418286	0.36765540540541	0.56186733234805
3.081524	0.213429	0.054641	-1.5444510543146	0.36919594594595	0.56135544485693
3.082781	0.214424	0.054868	-1.5397999157518	0.37072972972973	0.5608430566192
3.084063	0.215438	0.0551	-1.535082113849	0.3722972972973	0.56033059161639
3.085321	0.216433	0.055328	-1.5304742482571	0.37383783783784	0.55983419479635
3.086588	0.217444	0.055557	-1.5258139328692	0.37538513513514	0.55930793277794
3.087841	0.218443	0.055783	-1.5212301680441	0.37691216216216	0.55878802401092
3.089081	0.219434	0.05601	-1.5167037750525	0.37844594594595	0.55830387378076
3.090357	0.220446	0.056241	-1.5121025120468	0.38000675675676	0.55780248340806
3.091583	0.221438	0.056467	-1.5076126383855	0.38153378378378	0.55731398187584
3.092806	0.222429	0.05669	-1.503147329423	0.38304054054054	0.55680182881113
3.094061	0.223441	0.056919	-1.4986078818808	0.38458783783784	0.55629327272294
3.095264	0.22443	0.057144	-1.4941914244297	0.38610810810811	0.55581506728863
3.096516	0.225446	0.057374	-1.4896746165656	0.38766216216216	0.55531262992248
3.097727	0.226442	0.057598	-1.4852664374909	0.38917567567568	0.55481164115871
3.098948	0.227437	0.057821	-1.4808820020183	0.39068243243243	0.55430459142136
3.100174	0.228451	0.05805	-1.476433533657	0.39222972972973	0.55381074234768
3.101377	0.229447	0.058275	-1.4720832129707	0.39375	0.55332924090252
3.102596	0.230456	0.058502	-1.4676953241381	0.39528378378378	0.55283527981798
3.103779	0.23145	0.058725	-1.4633914115049	0.39679054054054	0.552348697901
3.104988	0.232445	0.058948	-1.459101641079	0.3982972972973	0.55185785000372
3.106209	0.233459	0.059175	-1.4547488061558	0.39983108108108	0.55136000102211
3.107386	0.23445	0.059397	-1.4505129334465	0.40133108108108	0.55088044115902
3.108572	0.235445	0.059619	-1.4462779384493	0.40283108108108	0.55039257818479
3.109779	0.236453	0.059845	-1.4420058223009	0.40435810810811	0.54991023250109
3.11095	0.237449	0.060066	-1.4378024154088	0.40585135135135	0.54941893201688
3.112144	0.238459	0.060291	-1.4335578911884	0.40737162162162	0.54893050979327
3.11331	0.239454	0.060511	-1.4293939473842	0.40885810810811	0.54843877473573
3.114483	0.240451	0.060732	-1.4252389523983	0.41035135135135	0.54795300845636
3.115671	0.241465	0.060956	-1.4210307439288	0.41186486486486	0.54745567703283
3.116829	0.242458	0.061177	-1.416926779481	0.41335810810811	0.54698695164972
3.118019	0.243469	0.061401	-1.4127656546257	0.41487162162162	0.54650142616234
3.119173	0.244462	0.061621	-1.4086954013689	0.41635810810811	0.54602962119044
3.120316	0.245457	0.06184	-1.4046334998381	0.41783783783784	0.54554900191183
3.121487	0.246471	0.062064	-1.4005109394792	0.41935135135135	0.54506800382965
3.122629	0.247464	0.062282	-1.3964901620984	0.42082432432432	0.544588439
3.123764	0.248462	0.0625	-1.3924653626436	0.4222972972973	0.5441017335937
3.124933	0.249472	0.062723	-1.3884085945371	0.42380405405405	0.54362896435068

