[0, 0, 0]
Voltage_1 (1)	Current_1 (1)	Voltage_2 (1)	Current_2 (1)	cellpower
0.019703	7.722258e-008	21.00006	0.329912	1.52151649374e-009
0.039754	1.565503e-007	21.00005	0.329755	6.2235006262e-009
0.059774	2.308534e-007	21.00006	0.329653	1.37990311316e-008
0.07983	3.063831e-007	21.00005	0.329578	2.4458562873e-008
0.099872	3.987257e-007	21.00004	0.329505	3.98215331104e-008
0.119891	4.864089e-007	21.00005	0.329468	5.83160494299e-008
0.139949	5.87456e-007	21.00006	0.329415	8.2213879744e-008
0.159964	6.212685e-007	21.00003	0.329373	9.9380594334e-008
0.180025	7.126903e-007	21.00005	0.329338	1.283020712575e-007
0.20001	7.967624e-007	21.00005	0.329307	1.59360447624e-007
0.220052	9.11908e-007	21.00004	0.329277	2.00667179216e-007
0.240109	1.031114e-006	21.00005	0.32925	2.47579751426e-007
0.25993	1.082504e-006	21.00001	0.329223	2.8137526472e-007
0.279944	1.228814e-006	21.00005	0.329199	3.43999106416e-007
0.29996	1.325694e-006	21.00003	0.329192	3.9765517224e-007
0.319975	1.455828e-006	21.00005	0.329166	4.658285643e-007
0.340009	1.608969e-006	21.00006	0.329145	5.47063940721e-007
0.36004	1.753614e-006	21.00004	0.329129	6.3137118456e-007
0.380031	1.924143e-006	21.00005	0.329118	7.31233988433e-007
0.400062	2.095452e-006	21.00002	0.32909	8.38310718024e-007
0.420082	2.301433e-006	21.00004	0.329075	9.66790577506e-007
0.440109	2.542781e-006	21.00004	0.329071	1.119100803129e-006
0.460114	2.774066e-006	21.00003	0.329046	1.276386603524e-006
0.480128	3.062771e-006	21.00002	0.329041	1.470522114688e-006
0.500172	3.389201e-006	21.00005	0.329036	1.695183442572e-006
0.520191	3.859701e-006	21.00005	0.329017	2.007781722891e-006
0.540214	4.227375e-006	21.00003	0.32901	2.28368715825e-006
0.560242	4.618807e-006	21.00005	0.329012	2.587649671294e-006
0.580262	5.13636e-006	21.00004	0.328997	2.98043452632e-006
0.600286	5.567444e-006	21.00003	0.32898	3.342058688984e-006
0.620303	5.97601e-006	21.00004	0.32896	3.70693693103e-006
0.640246	6.520104e-006	21.00005	0.328958	4.174470505584e-006
0.660298	7.068934e-006	21.00005	0.328951	4.667602982332e-006
0.680288	7.609994e-006	21.00004	0.328947	5.176987598272e-006
0.700342	8.246548e-006	21.00001	0.328921	5.775403919416e-006
0.720348	8.922979e-006	21.00004	0.32891	6.427650076692e-006
0.740407	9.472994e-006	21.00004	0.328911	7.013871068558e-006
0.760421	1.019037e-005	21.00003	0.3289	7.74897134577e-006
0.780262	1.08298e-005	21.00003	0.328887	8.4500814076e-006
0.800272	1.160122e-005	21.00003	0.328879	9.28413153184e-006
0.820313	1.233077e-005	21.00004	0.328863	1.011509093101e-005
0.840327	1.31211e-005	21.00002	0.328847	1.10260145997e-005
0.860343	1.365908e-005	21.00004	0.328849	1.175149386444e-005
0.880361	1.443948e-005	21.00003	0.328832	1.271195505228e-005
0.900361	1.522338e-005	21.00005	0.328836	1.370653764018e-005
0.920366	1.59383e-005	21.00003	0.32882	1.46690694178e-005
0.940394	1.670426e-005	21.00005	0.328818	1.570858587844e-005
0.960421	1.756825e-005	21.00003	0.328809	1.687291623325e-005
0.980421	1.836271e-005	21.00001	0.328815	1.800318650091e-005
1.000428	1.920897e-005	21.00004	0.328803	1.921719143916e-005
1.020454	2.006294e-005	21.00003	0.328789	2.047330737476e-005
1.040489	2.101757e-005	21.00003	0.328803	2.186855039173e-005
1.060509	2.169693e-005	21.00003	0.328794	2.300978953737e-005
1.080517	2.255828e-005	21.00004	0.328784	2.437460503076e-005
1.100534	2.342424e-005	21.00005	0.32878	2.577917254416e-005
1.120543	2.435105e-005	21.00003	0.328765	2.728639862015e-005
1.140571	2.535274e-005	21.00003	0.328755	2.891660001454e-005
1.160576	2.623783e-005	21.00003	0.328751	3.045099579008e-005
1.180589	2.704679e-005	21.00003	0.328745	3.193114275931e-005
1.200624	2.785122e-005	21.00004	0.328731	3.343884316128e-005
1.220647	2.922881e-005	21.00004	0.328734	3.567805924007e-005
1.240672	3.025133e-005	21.00005	0.328737	3.753197809376e-005
1.260669	3.103435e-005	21.00003	0.328712	3.912404298015e-005
1.280693	3.207604e-005	21.00005	0.328713	4.107955989572e-005
1.300719	3.320855e-005	21.00004	0.328713	4.319499194745e-005
1.320726	3.429424e-005	21.00004	0.328696	4.529329441824e-005
1.340732	3.531894e-005	21.00004	0.328701	4.735323306408e-005
1.360732	3.643313e-005	21.00002	0.328691	4.957572585116e-005
1.380714	3.742555e-005	21.00005	0.328689	5.16739808427e-005
1.400706	3.846071e-005	21.00003	0.328673	5.387214726126e-005
1.420691	3.982703e-005	21.00005	0.328664	5.658190307773e-005
1.440664	4.094416e-005	21.00004	0.328652	5.898677732224e-005
1.460686	4.220524e-005	21.00003	0.328644	6.164860319464e-005
1.480678	4.353654e-005	21.00004	0.328653	6.446359697412e-005
1.500673	4.480098e-005	21.00002	0.328639	6.723162105954e-005
1.520628	4.600773e-005	21.00003	0.328634	6.996064245444e-005
1.540656	4.696632e-005	21.00002	0.328627	7.235894270592e-005
1.560649	4.868743e-005	21.00003	0.328625	7.598398894207e-005
1.580663	4.994147e-005	21.00003	0.328621	7.894063379461e-005
1.600636	5.139868e-005	21.00002	0.328631	8.227057756048e-005
1.62062	5.29261e-005	21.00002	0.328597	8.5773096182e-005
1.640586	5.444542e-005	21.00003	0.328605	8.932239381612e-005
1.660608	5.617181e-005	21.00003	0.3286	9.327935706048e-005
1.680599	5.757821e-005	21.00003	0.328591	9.676588214779e-005
1.70059	5.939034e-005	21.00002	0.328586	0.0001009986183006
1.720559	6.095762e-005	21.00005	0.328557	0.00010488118170958
1.740563	6.297092e-005	21.00005	0.328549	0.00010960485342796
1.760558	6.488233e-005	21.00003	0.328545	0.00011422910514014
1.78055	6.671151e-005	21.00004	0.328537	0.0001187831791305
1.800545	6.899695e-005	21.00003	0.32854	0.00012423211333775
1.820524	7.121643e-005	21.00003	0.328532	0.00012965122000932
1.840522	7.390822e-005	21.00003	0.328527	0.00013602970489084
1.860533	7.655439e-005	21.00003	0.328529	0.00014243196888987
1.880163	7.889324e-005	21.00003	0.328514	0.00014833215079812
1.90018	8.177252e-005	21.00003	0.328522	0.0001553825070536
1.920186	8.490806e-005	21.00002	0.328504	0.00016303926809916
1.940147	8.783639e-005	21.00004	0.328507	0.00017041550854933
1.960154	9.12634e-005	21.00003	0.328493	0.0001788903185636
1.980166	9.47774e-005	21.00004	0.328493	0.0001876749850484
2.000133	9.873405e-005	21	0.328483	0.00019748123162865
2.020144	0.000103	21.00002	0.328475	0.000208074832
2.039931	0.000107	21.00003	0.328471	0.000218272617
2.059854	0.000112	21.00003	0.328463	0.000230703648
2.079841	0.000116	21.00005	0.328468	0.000241261556
2.099819	0.000121	21.00004	0.328462	0.000254078099
2.119812	0.000127	21.00003	0.328445	0.000269216124
2.139797	0.000132	21.00001	0.328456	0.000282453204
2.159771	0.000138	21.00004	0.32844	0.000298048398
2.179765	0.000144	21.00005	0.328433	0.00031388616
2.199764	0.00015	21.00003	0.328435	0.0003299646
2.219758	0.000156	21.00002	0.328418	0.000346282248
2.239766	0.000163	21.00004	0.328416	0.000365081858
2.259735	0.00017	21.00005	0.328416	0.00038415495
2.279751	0.000177	21.00003	0.328403	0.000403515927
2.299734	0.000184	21	0.3284	0.000423151056
2.319724	0.000191	21.00001	0.328398	0.000443067284
2.339703	0.000198	21.00004	0.328397	0.000463261194
2.359699	0.000206	21.00002	0.328407	0.000486097994
2.379678	0.000213	21.00004	0.328392	0.000506871414
2.399641	0.000221	21.00005	0.328372	0.000530320661
2.41965	0.000229	21.00001	0.328379	0.00055409985
2.439633	0.000238	21.00002	0.328376	0.000580632654
2.459635	0.000247	21.00002	0.328363	0.000607529845
2.479623	0.000255	21.00004	0.328348	0.000632303865
2.499596	0.000263	21.00001	0.328346	0.000657393748
2.519595	0.000273	21.00003	0.328354	0.000687849435
2.53959	0.000282	21.00003	0.328343	0.00071616438
2.559579	0.000292	21.00003	0.328333	0.000747397068
2.579561	0.000302	21.00003	0.328344	0.000779027422
2.599561	0.000311	21.00003	0.32834	0.000808463471
2.619542	0.000321	21.00001	0.328328	0.000840872982
2.639546	0.000332	21.00001	0.328322	0.000876329272
2.65952	0.000343	21.00003	0.328323	0.00091221536
2.679512	0.000355	21.00003	0.328308	0.00095122676
2.699504	0.000367	21.00003	0.328292	0.000990717968
2.7195	0.000381	21.00002	0.328308	0.0010361295
2.739489	0.000395	21.00002	0.328285	0.001082098155
2.7595	0.000411	21.00001	0.328295	0.0011341545
2.779531	0.000428	21.00006	0.328285	0.001189639268
2.799535	0.000447	21.00004	0.328287	0.001251392145
2.819583	0.000468	21.00002	0.328296	0.001319564844
2.839587	0.000491	21.00002	0.32828	0.001394237217
2.85963	0.000517	21	0.328279	0.00147842871
2.879634	0.000546	21.00001	0.328265	0.001572280164
2.89967	0.000579	21.00003	0.328258	0.00167890893
2.919688	0.000614	21.00001	0.328253	0.001792688432
2.939728	0.000653	20.99999	0.328245	0.001919642384
2.959751	0.000696	21.00001	0.328252	0.002059986696
2.979772	0.000744	21.00003	0.328247	0.002216950368
2.999812	0.000797	21.00001	0.328244	0.002390850164
3.019827	0.000854	21.00002	0.328228	0.002578932258
3.039866	0.000917	21.00002	0.328237	0.002787557122
3.059885	0.000986	21.00003	0.328226	0.00301704661
3.079736	0.001061	21.00001	0.328215	0.003267599896
3.099762	0.001142	21.00002	0.328197	0.003539928204
3.119766	0.001231	21.00002	0.328182	0.003840431946
3.139783	0.001328	21.00004	0.328195	0.004169631824
3.159823	0.001433	21	0.328193	0.004528026359
3.179821	0.001546	21.00001	0.328177	0.004916003266
3.19984	0.00167	21	0.328174	0.0053437328
3.219835	0.001802	21.00001	0.328176	0.00580214267
3.239872	0.001945	21.00002	0.328159	0.00630155104
3.259888	0.0021	21.00003	0.328165	0.0068457648
3.279898	0.002265	21.00001	0.328145	0.00742896897
3.299952	0.002444	21.00002	0.328149	0.008065082688
3.31997	0.002635	21.00003	0.328136	0.00874812095
3.339988	0.002839	21	0.328132	0.009482225932
3.359993	0.003057	21.00001	0.328124	0.010271498601
3.380011	0.00329	21.00002	0.328119	0.01112023619
3.400038	0.003539	21.00002	0.328121	0.012032734482
3.420063	0.003802	21.00001	0.32812	0.013003079526
3.440081	0.004082	20.99999	0.328105	0.014042410642
3.460091	0.004378	21.00002	0.328109	0.015148278398
3.480046	0.004692	21.00001	0.328101	0.016328375832
3.500067	0.005023	21.00001	0.328106	0.017580836541
3.520109	0.005374	21.00001	0.328093	0.018917065766
3.540118	0.005742	20.99999	0.328098	0.020327357556
3.56015	0.006129	21	0.328093	0.02182015935
3.580178	0.006536	21	0.328082	0.023400043408
3.600204	0.006962	21	0.328077	0.025064620248
3.620227	0.007407	21.00002	0.328078	0.026815021389
3.640246	0.007873	20.99998	0.328056	0.028659656758
3.660286	0.00836	21.00002	0.328049	0.03059999096
3.680309	0.008865	21	0.328041	0.032625939285
3.700361	0.009393	21.00002	0.328054	0.034757490873

