[0, 0, 0]
Voltage_1 (1)	Current_1 (1)	Voltage_2 (1)	Current_2 (1)	cellpower
0.019551	-0.06412	20.99994	0.329396	-0.00125361012
0.039593	-0.063651	20.99992	0.329299	-0.002520134043
0.059586	-0.063859	20.99993	0.329216	-0.003805102374
0.079622	-0.063485	20.99992	0.329153	-0.00505480267
0.09962	-0.063417	20.9999	0.329101	-0.00631760154
0.119659	-0.063362	20.9999	0.32906	-0.007581833558
0.139677	-0.063298	20.99991	0.329003	-0.008841274746
0.159702	-0.063267	20.99992	0.328976	-0.010103866434
0.179703	-0.063168	20.99993	0.328961	-0.011351479104
0.199716	-0.063094	20.99992	0.328924	-0.012600881304
0.219725	-0.063076	20.99993	0.328898	-0.0138593741
0.239739	-0.063043	20.99991	0.328863	-0.015113865777
0.259772	-0.062945	20.99995	0.328857	-0.01635134854
0.279774	-0.062862	20.99993	0.328839	-0.017587153188
0.29979	-0.062834	20.99988	0.328823	-0.01883700486
0.319797	-0.062817	20.99992	0.328792	-0.020088688149
0.339831	-0.062752	20.9999	0.328782	-0.021325074912
0.359845	-0.06267	20.9999	0.328778	-0.02255148615
0.379847	-0.062601	20.9999	0.328763	-0.023778802047
0.399871	-0.062548	20.99992	0.328737	-0.025011131308
0.419881	-0.062503	20.99993	0.328734	-0.026243822143
0.43989	-0.062453	20.99989	0.328706	-0.02747245017
0.459896	-0.062406	20.99991	0.328709	-0.028700269776
0.479929	-0.062328	20.9999	0.32869	-0.029913014712
0.499943	-0.062246	20.9999	0.328677	-0.031119451978
0.519973	-0.062195	20.9999	0.328674	-0.032339720735
0.53998	-0.062141	20.9999	0.328651	-0.03355489718
0.559979	-0.062084	20.99989	0.328657	-0.034765736236
0.579997	-0.062024	20.99991	0.32864	-0.035973733928
0.600031	-0.061945	20.9999	0.32863	-0.037168920295
0.620041	-0.061865	20.99991	0.328626	-0.038358836465
0.639958	-0.061796	20.9999	0.328615	-0.039546844568
0.659974	-0.061742	20.99991	0.328601	-0.040748114708
0.679993	-0.061675	20.99989	0.328599	-0.041938568275
0.700025	-0.061599	20.99992	0.328597	-0.043120839975
0.720036	-0.06153	20.9999	0.328589	-0.04430381508
0.740051	-0.06145	20.9999	0.328567	-0.04547613395
0.760075	-0.061373	20.99991	0.328567	-0.046648082975
0.780093	-0.061307	20.99992	0.328552	-0.047825161551
0.800095	-0.061248	20.99987	0.328533	-0.04900421856
0.820125	-0.061162	20.99989	0.328536	-0.05016048525
0.840146	-0.061081	20.99992	0.32854	-0.051316957826
0.860165	-0.060987	20.99989	0.328538	-0.052458882855
0.880177	-0.060887	20.9999	0.32853	-0.053591336999
0.900185	-0.060807	20.99989	0.328512	-0.054737549295
0.920213	-0.060732	20.9999	0.328508	-0.055886375916
0.940213	-0.060644	20.9999	0.3285	-0.057018277172
0.960254	-0.060526	20.99989	0.328491	-0.058120333604
0.98024	-0.060432	20.9999	0.32848	-0.05923786368
1.000255	-0.060308	20.99987	0.328487	-0.06032337854
1.020266	-0.060201	20.99989	0.328475	-0.061421033466
1.040292	-0.06011	20.99988	0.328464	-0.06253195212
1.060304	-0.060022	20.99989	0.32845	-0.063641566688
1.08032	-0.059894	20.99989	0.328446	-0.06470468608
1.100335	-0.059787	20.9999	0.328446	-0.065785728645
1.120332	-0.059667	20.99989	0.328424	-0.066846849444
1.140367	-0.059563	20.99992	0.328425	-0.067923679621
1.160367	-0.059429	20.99988	0.328421	-0.068959450443
1.180431	-0.059336	20.99991	0.32842	-0.070042053816
1.200422	-0.059209	20.9999	0.328405	-0.071075786198
1.220443	-0.059083	20.99988	0.328404	-0.072107433769
1.240448	-0.058942	20.99989	0.328393	-0.073114486016
1.260452	-0.058814	20.99988	0.328385	-0.074132223928
1.28047	-0.058673	20.99988	0.328388	-0.07512901631
1.300482	-0.058554	20.99989	0.328381	-0.076148423028
1.320495	-0.058406	20.99989	0.328365	-0.07712483097
1.340507	-0.05825	20.99989	0.328375	-0.07808453275
1.3605	-0.058103	20.99989	0.328367	-0.0790491315
1.380487	-0.057956	20.9999	0.328352	-0.080007504572
1.400493	-0.057806	20.9999	0.328341	-0.080956898358
1.420463	-0.057655	20.9999	0.328338	-0.081896794265
1.440447	-0.057499	20.9999	0.328349	-0.082824262053
1.460436	-0.057334	20.99987	0.328328	-0.083732637624
1.48043	-0.057155	20.99989	0.328314	-0.08461397665
1.50042	-0.056979	20.99989	0.328317	-0.08549243118
1.520394	-0.056803	20.99988	0.328303	-0.086362940382
1.540411	-0.056624	20.9999	0.328297	-0.087224232464
1.560388	-0.056449	20.99988	0.3283	-0.088082342212
1.580396	-0.056268	20.99989	0.328298	-0.088925722128
1.600378	-0.056076	20.9999	0.328276	-0.089742796728
1.620364	-0.055879	20.99989	0.328271	-0.090544319956
1.640341	-0.055666	20.9999	0.328267	-0.091311222106
1.660341	-0.055457	20.9999	0.328255	-0.092077530837
1.680319	-0.055245	20.99989	0.328263	-0.092829223155
1.700304	-0.055043	20.99992	0.328244	-0.093589833072
1.720291	-0.054845	20.9999	0.32824	-0.094349359895
1.740276	-0.054631	20.99989	0.328239	-0.095073018156
1.760277	-0.054398	20.9999	0.328233	-0.095755548246
1.780267	-0.054161	20.99989	0.328229	-0.096421040987
1.800254	-0.053925	20.99992	0.328223	-0.09707869695
1.820237	-0.053681	20.9999	0.328212	-0.097712142397
1.840232	-0.053441	20.9999	0.328224	-0.098343838312
1.860208	-0.053202	20.99989	0.328211	-0.098966786016
1.879857	-0.052954	20.9999	0.328208	-0.099545947578
1.89985	-0.052683	20.99987	0.328208	-0.10008979755
1.919844	-0.052404	20.99989	0.328208	-0.100607504976
1.939834	-0.052137	20.99988	0.328188	-0.101137125258
1.95982	-0.051874	20.99992	0.328194	-0.10166370268
1.979803	-0.051592	20.9999	0.328178	-0.102141996376
1.999791	-0.051296	20.99992	0.328163	-0.102581279136
2.019787	-0.050994	20.9999	0.328146	-0.102997018278
2.039763	-0.050705	20.99992	0.328144	-0.103426182915
2.059664	-0.05041	20.9999	0.328143	-0.10382766224
2.079647	-0.050126	20.99991	0.328142	-0.104244385522
2.099656	-0.049783	20.99991	0.328138	-0.104527174648
2.119642	-0.049434	20.9999	0.32814	-0.104782382628
2.139633	-0.04911	20.99991	0.328137	-0.10507737663
2.15962	-0.048798	20.9999	0.32812	-0.10538513676
2.179598	-0.04847	20.99991	0.328114	-0.10564511506
2.199605	-0.048104	20.9999	0.328128	-0.10580979892
2.219585	-0.047719	20.9999	0.328112	-0.105916376615
2.239601	-0.047391	20.99989	0.328104	-0.106136930991
2.25958	-0.047046	20.9999	0.3281	-0.10630420068
2.279574	-0.046665	20.99989	0.328096	-0.10637632071
2.299551	-0.046267	20.99989	0.328098	-0.106393326117
2.319539	-0.045896	20.9999	0.328085	-0.106457561944
2.339529	-0.045492	20.9999	0.328082	-0.106429853268
2.359512	-0.045104	20.99991	0.328081	-0.106423429248
2.379496	-0.0447	20.99989	0.328066	-0.1063634712
2.399461	-0.044287	20.99987	0.328056	-0.106264929307
2.419468	-0.043861	20.9999	0.32806	-0.106120285948
2.439459	-0.043432	20.99991	0.328055	-0.105950583288
2.459455	-0.042999	20.99989	0.328055	-0.105754105545
2.479435	-0.042562	20.99992	0.328046	-0.10552971247
2.49942	-0.042113	20.9999	0.328031	-0.10525807446
2.519415	-0.041655	20.9999	0.328036	-0.104946231825
2.539403	-0.0412	20.9999	0.328039	-0.1046234036
2.559388	-0.040727	20.99989	0.328036	-0.104236195076
2.579374	-0.040239	20.99987	0.328033	-0.103791430386
2.59938	-0.039751	20.99989	0.328025	-0.10332795438
2.619361	-0.03926	20.9999	0.328009	-0.10283611286
2.639359	-0.038755	20.99987	0.328001	-0.102288358045
2.659345	-0.038256	20.99992	0.328001	-0.10173590232
2.679335	-0.037726	20.9999	0.327995	-0.10108059221
2.699307	-0.037179	20.99989	0.328003	-0.100357534953
2.7193	-0.036636	20.99989	0.327988	-0.0996242748
2.739284	-0.036098	20.99991	0.327988	-0.098882673832
2.759302	-0.035552	20.99991	0.327996	-0.098098704704
2.779317	-0.034992	20.99991	0.327983	-0.097253860464
2.79934	-0.034431	20.99989	0.327977	-0.09638407554
2.819365	-0.033854	20.9999	0.327966	-0.09544678271
2.83938	-0.033248	20.99989	0.327946	-0.09440370624
2.859399	-0.032634	20.99992	0.32797	-0.093313626966
2.879419	-0.032038	20.9999	0.327958	-0.092250825922
2.89944	-0.031441	20.99992	0.327938	-0.09116129304
2.919446	-0.030822	20.9999	0.327941	-0.089983164612
2.939468	-0.030186	20.9999	0.327931	-0.088730781048
2.959507	-0.029529	20.9999	0.327928	-0.087391282203
2.979515	-0.028869	20.99989	0.327925	-0.086015618535
2.999534	-0.028204	20.9999	0.327929	-0.084598856936
3.019552	-0.027543	20.99991	0.327924	-0.083167520736
3.039574	-0.026867	20.9999	0.327903	-0.081664234658
3.059586	-0.026173	20.99989	0.327892	-0.080078544378
3.079618	-0.025467	20.99989	0.327887	-0.078428631606
3.099631	-0.024758	20.99987	0.327896	-0.076740664298
3.11964	-0.024013	20.99991	0.327886	-0.07491191532
3.139666	-0.023287	20.99989	0.327892	-0.073113402142
3.159683	-0.022557	20.9999	0.327893	-0.071272969431
3.179712	-0.02181	20.99989	0.327882	-0.06934951872
3.199723	-0.021048	20.9999	0.327876	-0.067347769704
3.219743	-0.020277	20.99987	0.327862	-0.065286728811
3.239749	-0.019478	20.99988	0.327868	-0.063103831022
3.259756	-0.018675	20.99991	0.327858	-0.0608759433
3.279779	-0.017877	20.9999	0.327835	-0.058632609183
3.299824	-0.017058	20.99989	0.327841	-0.056288397792
3.319851	-0.016226	20.99988	0.32784	-0.053867902326
3.339862	-0.015386	20.99989	0.327829	-0.051387116732
3.359863	-0.014538	20.99988	0.327828	-0.048845688294
3.379887	-0.013677	20.99989	0.327834	-0.046226714499
3.399916	-0.012795	20.99989	0.327823	-0.04350192522
3.419925	-0.011904	20.99987	0.327816	-0.0407107872
3.439935	-0.011005	20.9999	0.327806	-0.037856484675
3.459938	-0.010102	20.9999	0.327807	-0.034952293676
3.479736	-0.00918	20.9999	0.327799	-0.03194397648
3.499769	-0.008252	20.99989	0.3278	-0.028880093788
3.519827	-0.007311	20.9999	0.327806	-0.025733455197
3.539841	-0.006357	20.99988	0.32779	-0.022502769237
3.559889	-0.005384	20.99987	0.327775	-0.019166442376
3.579912	-0.004397	20.99989	0.327767	-0.015740873064
3.599956	-0.003405	20.99989	0.327779	-0.01225785018
3.619983	-0.002402	20.99989	0.327771	-0.008695199166
3.640043	-0.001388	20.99989	0.327763	-0.005052379684
3.660019	-0.000342	20.99992	0.327747	-0.001251726498
3.680236	0.000689	20.99989	0.327746	0.002535682604
3.700175	0.001766	20.9999	0.327738	0.00653450905

