[0, 0, 0]
Voltage_1 (1)	Current_1 (1)	logcurrent
2.08404	9.97976e-008	-16.120121702014
2.110279	1.059176e-007	-16.060604403625
2.114229	1.122188e-007	-16.002815299962
2.117416	1.18933e-007	-15.944705527603
2.121	1.260794e-007	-15.886353969731
2.124489	1.335835e-007	-15.828539086465
2.127977	1.415913e-007	-15.770321098252
2.131599	1.500266e-007	-15.712453225239
2.135067	1.59023e-007	-15.6542169911
2.1383	1.685124e-007	-15.596256499357
2.14167	1.785501e-007	-15.538396602839
2.14506	1.892473e-007	-15.480211211573
2.148407	2.005389e-007	-15.422257594056
2.151762	2.125474e-007	-15.364100814632
2.155109	2.252655e-007	-15.305986130395
2.158533	2.387244e-007	-15.247956088465
2.161699	2.530476e-007	-15.189688223623
2.164948	2.681603e-007	-15.131680900918
2.168308	2.841905e-007	-15.073621049006
2.171522	3.011228e-007	-15.015747681974
2.174725	3.191161e-007	-14.957710850532
2.17782	3.382053e-007	-14.899612729404
2.181068	3.584317e-007	-14.841527711096
2.184223	3.798437e-007	-14.783505984629
2.187361	4.025645e-007	-14.725410504479
2.190462	4.266491e-007	-14.667303941423
2.193502	4.521157e-007	-14.609327716418
2.196573	4.791225e-007	-14.551309531104
2.19965	5.077997e-007	-14.49317875846
2.202719	5.38134e-007	-14.435158237166
2.205761	5.703083e-007	-14.377088745146
2.208725	6.043266e-007	-14.319151056676
2.211718	6.404609e-007	-14.261077763531
2.214708	6.788048e-007	-14.202932232309
2.217663	7.192997e-007	-14.144987737145
2.220596	7.622992e-007	-14.086926707408
2.223511	8.078818e-007	-14.028850076255
2.226398	8.560875e-007	-13.970893246403
2.229309	9.072503e-007	-13.912847460184
2.232159	9.615237e-007	-13.854746623235
2.234997	1.018923e-006	-13.796764370858
2.237761	1.075025e-006	-13.743166640841
2.240597	1.143662e-006	-13.681275163207
2.243416	1.212244e-006	-13.623037370447
2.246161	1.284333e-006	-13.565271040526
2.248934	1.361318e-006	-13.507057209861
2.251671	1.442888e-006	-13.448863897262
2.254383	1.528744e-006	-13.391064074728
2.257092	1.620238e-006	-13.33293750593
2.259769	1.717002e-006	-13.274930811227
2.262438	1.819458e-006	-13.216971903425
2.265089	1.928354e-006	-13.158843768672
2.267717	2.043463e-006	-13.100864640296
2.27034	2.16604e-006	-13.042609942335
2.272942	2.29574e-006	-12.984455326337
2.275522	2.432878e-006	-12.926435639275
2.278095	2.578533e-006	-12.868289925399
2.280643	2.732542e-006	-12.810278246474
2.283173	2.895982e-006	-12.75218629893
2.285686	3.068662e-006	-12.694268921986
2.288179	3.251647e-006	-12.636348920756
2.290667	3.446061e-006	-12.578278718332
2.293148	3.652324e-006	-12.520146880656
2.295597	3.870969e-006	-12.462005694667
2.298042	4.102174e-006	-12.403993480881
2.300474	4.347499e-006	-12.345909820735
2.302881	4.606702e-006	-12.287998358279
2.305279	4.882349e-006	-12.229884101453
2.307661	5.174127e-006	-12.171839928696
2.310041	5.483865e-006	-12.113700413635
2.312393	5.811051e-006	-12.055749108451
2.314751	6.157964e-006	-11.997764354533
2.317078	6.526292e-006	-11.939671616694
2.319405	6.916426e-006	-11.881611395742
2.321712	7.32949e-006	-11.823604621567
2.324011	7.767624e-006	-11.765546231854
2.3263	8.231779e-006	-11.707508406246
2.328573	8.723267e-006	-11.649516734246
2.330839	9.245223e-006	-11.59140357227
2.333099	9.797085e-006	-11.533425665514
2.335335	1.038254e-005	-11.475385008812
2.337593	1.099741e-005	-11.417850767435
2.339809	1.165171e-005	-11.360057607608
2.342051	1.235407e-005	-11.301524994526
2.344255	1.308934e-005	-11.243712399482
2.34646	1.387465e-005	-11.185447123875
2.348654	1.470256e-005	-11.127488929682
2.350819	1.55782e-005	-11.06963805693
2.353008	1.651153e-005	-11.011451633218
2.355169	1.749569e-005	-10.953555993082
2.357338	1.853966e-005	-10.895598336722
2.359491	1.96496e-005	-10.83745357609
2.361631	2.082547e-005	-10.779333801138
2.36377	2.207133e-005	-10.721231076711
2.365898	2.339261e-005	-10.663090397446
2.368032	2.478873e-005	-10.605121443564
2.370155	2.627576e-005	-10.546863716786
2.372259	2.784502e-005	-10.488856422661
2.374359	2.950403e-005	-10.430983693779
2.376455	3.126654e-005	-10.372962041801
2.378561	3.313487e-005	-10.314924355776
2.380648	3.511685e-005	-10.256829485703
2.38273	3.721797e-005	-10.198718848807
2.384811	3.944666e-005	-10.140561178388
2.386885	4.180134e-005	-10.082582161531
2.388952	4.42977e-005	-10.024577800997
2.391005	4.694115e-005	-9.9666158684806
2.393064	4.974865e-005	-9.9085272304062
2.395117	5.27275e-005	-9.8503734168866
2.397171	5.587766e-005	-9.7923458998997
2.399212	5.921339e-005	-9.7343628592173
2.401249	6.27504e-005	-9.6763456054707
2.40328	6.650414e-005	-9.6182463566012
2.405317	7.047761e-005	-9.5602154872405
2.407343	7.468429e-005	-9.5022407958416
2.409363	7.915215e-005	-9.4441386083928
2.411388	8.388059e-005	-9.3861163180974
2.413404	8.888878e-005	-9.3281246326333
2.415428	9.420876e-005	-9.269997387075
2.417423	9.982781e-005	-9.21206375615
2.419413	0.000106	-9.1520714638522
2.421412	0.000112	-9.0970116866692
2.423431	0.000119	-9.0363870648527
2.425434	0.000126	-8.9792286510128
2.427441	0.000133	-8.9251614297425
2.429441	0.000141	-8.8667506675861
2.431431	0.00015	-8.804875263868
2.433439	0.000159	-8.746606355744
2.435417	0.000168	-8.691546578561
2.437405	0.000178	-8.6337270076722
2.439409	0.000189	-8.5737635429046
2.441401	0.0002	-8.5171931914162
2.44339	0.000212	-8.4589242832923
2.445389	0.000225	-8.3994101557599
2.447378	0.000238	-8.3432398842928
2.449369	0.000253	-8.2821210692368
2.451365	0.000268	-8.2245235774534
2.453354	0.000284	-8.1665363198031
2.455347	0.000301	-8.1084002932154
2.457348	0.000319	-8.0503194551794
2.459339	0.000338	-7.9924646624813
2.461351	0.000358	-7.9349775715636
2.46335	0.000379	-7.8779743528818
2.465361	0.000402	-7.8190584693453
2.467371	0.000426	-7.7610712116949
2.469391	0.000451	-7.7040432184616
2.471405	0.000478	-7.6458998254728
2.473429	0.000507	-7.5869995543731
2.475464	0.000537	-7.5295124634554
2.477501	0.000569	-7.4716301238379
2.479549	0.000603	-7.4135933612371
2.48163	0.000639	-7.3556061035867
2.483711	0.000678	-7.2963632700239
2.485743	0.000718	-7.239040988916
2.487812	0.000761	-7.1808772001026
2.489901	0.000807	-7.1221868896943
2.491999	0.000855	-7.0644090890275
2.494106	0.000906	-7.0064712519213
2.496237	0.00096	-6.9485772735024
2.49836	0.001017	-6.8908981619157
2.500494	0.001077	-6.8335758808079
2.502653	0.001142	-6.7749741677483
2.504812	0.00121	-6.7171349193735
2.507	0.001282	-6.6593339204837
2.509214	0.001359	-6.6010061438131
2.511419	0.00144	-6.5431121653942
2.513651	0.001526	-6.4851053461199
2.515911	0.001618	-6.4265644603458
2.518202	0.001714	-6.3689254588065
2.520477	0.001816	-6.311118998803
2.522802	0.001925	-6.2528293112424
2.52515	0.00204	-6.194805471126
2.527523	0.002163	-6.1362591320112
2.529921	0.002292	-6.0783304801296
2.532345	0.002429	-6.0202756289621
2.534801	0.002574	-5.9622941698082
2.537292	0.002728	-5.9041865390009
2.539804	0.002891	-5.8461528159479
2.542376	0.003064	-5.7880340271038
2.544956	0.003247	-5.7300237858614
2.54755	0.003441	-5.6719931521668
2.550192	0.003646	-5.6141246027257
2.552889	0.003864	-5.5560523626319
2.555614	0.004096	-5.4977443912449
2.558359	0.00434	-5.4398809308698
2.561165	0.004599	-5.3819163904244
2.564032	0.004874	-5.3238403237791
2.566935	0.005166	-5.2656565843085
2.569901	0.005475	-5.2075630032796
2.572906	0.005801	-5.1497249624982
2.575966	0.006148	-5.0916284533058
2.579086	0.006516	-5.0334945882423
2.582266	0.006905	-4.9755094921209
2.585501	0.007317	-4.9175548710802
2.588812	0.007755	-4.8594174823536
2.592165	0.008218	-4.8014284085209
2.595592	0.008709	-4.7433983052715
2.599091	0.00923	-4.6852962304674
2.602663	0.009781	-4.6273135506738
2.606304	0.010366	-4.5692240592146
2.609982	0.010977	-4.511953104277
2.613785	0.011632	-4.453995358191
2.61771	0.012334	-4.3953956024128
2.621666	0.013069	-4.3375122653672
2.625732	0.013849	-4.2795422511216
2.629904	0.014677	-4.2214736363531
2.63415	0.015553	-4.1635017329197
2.6385	0.016483	-4.1054257322329
2.642927	0.017465	-4.0475564007233
2.647474	0.01851	-3.9894441523967
2.652164	0.019618	-3.93130776684
2.656921	0.020789	-3.8733312783172
2.661831	0.022037	-3.8150324201145
2.666855	0.023352	-3.7570726454303
2.671991	0.024748	-3.6990106013134
2.677267	0.026231	-3.6408133615449
2.682684	0.027801	-3.5826832877095
2.688187	0.029459	-3.5247558128551
2.693853	0.031217	-3.4667924607606
2.69968	0.03308	-3.4088264088266
2.705666	0.035061	-3.350665877363
2.711813	0.037159	-3.2925492760552
2.71809	0.039381	-3.2344718124928
2.724497	0.041731	-3.1765110210904
2.731119	0.044224	-3.1184876508369
2.737886	0.046866	-3.0604628131259
2.744877	0.049669	-3.0023742829425
2.751995	0.052637	-2.9443359844706
2.759346	0.055787	-2.8862144116481
2.766798	0.059115	-2.8282705796671
2.774527	0.062651	-2.7701756360755
2.782446	0.066399	-2.7120732828541
2.790573	0.070362	-2.6541019342752
2.798851	0.074564	-2.5960974619751
2.807396	0.079022	-2.5380289842711
2.816147	0.083741	-2.4800265767381
2.825108	0.088743	-2.4220107269767
2.834393	0.094054	-2.3638861935707
2.843767	0.099668	-2.3059106164226
2.852045	0.105171	-2.2521676820805
2.861959	0.111506	-2.1936768778706
2.872236	0.118206	-2.1353264138771
2.882696	0.125265	-2.0773237857088
2.893507	0.132815	-2.0187980965111
2.904469	0.140755	-1.9607344886146
2.91577	0.149198	-1.9024809961281
2.927193	0.1581	-1.8445275347667
2.939075	0.167582	-1.7862824952698
2.951233	0.177626	-1.7280750627426
2.963615	0.18822	-1.6701437875515
2.976414	0.199545	-1.6117155041782

